6.000000000000000000e+00
5.800000000000000000e+01
1.220000000000000000e+02
1.800000000000000000e+02
3.020000000000000000e+02
4.870000000000000000e+02
5.400000000000000000e+02
5.980000000000000000e+02
6.560000000000000000e+02
9.630000000000000000e+02
1.015000000000000000e+03
1.079000000000000000e+03
1.142000000000000000e+03
1.258000000000000000e+03
1.444000000000000000e+03
1.502000000000000000e+03
1.560000000000000000e+03
1.618000000000000000e+03
1.926000000000000000e+03
1.978000000000000000e+03
2.036000000000000000e+03
2.094000000000000000e+03
2.221000000000000000e+03
2.395000000000000000e+03
2.453000000000000000e+03
2.511000000000000000e+03
2.575000000000000000e+03
2.882000000000000000e+03
2.940000000000000000e+03
2.998000000000000000e+03
3.051000000000000000e+03
3.236000000000000000e+03
3.294000000000000000e+03
3.347000000000000000e+03
3.416000000000000000e+03
3.474000000000000000e+03
3.532000000000000000e+03
