2.000000000000000042e-02 2.000000000000000042e-02 2.000000000000000042e-02 2.000000000000000042e-02
2.000000000000000042e-02 2.000000000000000042e-02 2.000000000000000042e-02 2.000000000000000042e-02
2.000000000000000042e-02 2.000000000000000042e-02 2.000000000000000042e-02 2.000000000000000042e-02
2.000000000000000042e-02 2.000000000000000042e-02 2.000000000000000042e-02 2.000000000000000042e-02
2.000000000000000042e-02 2.000000000000000042e-02 2.000000000000000042e-02 2.000000000000000042e-02
2.000000000000000042e-02 2.000000000000000042e-02 2.000000000000000042e-02 2.000000000000000042e-02
2.000000000000000042e-02 2.000000000000000042e-02 2.000000000000000042e-02 2.000000000000000042e-02
2.000000000000000042e-02 2.000000000000000042e-02 2.000000000000000042e-02 2.000000000000000042e-02
2.000000000000000042e-02 2.000000000000000042e-02 2.000000000000000042e-02 2.000000000000000042e-02
2.000000000000000042e-02 2.000000000000000042e-02 2.000000000000000042e-02 2.000000000000000042e-02
2.000000000000000042e-02 2.000000000000000042e-02 2.000000000000000042e-02 2.000000000000000042e-02
2.000000000000000042e-02 2.000000000000000042e-02 2.000000000000000042e-02 2.000000000000000042e-02
2.000000000000000042e-02 2.000000000000000042e-02 2.000000000000000042e-02 2.000000000000000042e-02
2.000000000000000042e-02 2.000000000000000042e-02 2.000000000000000042e-02 2.000000000000000042e-02
2.000000000000000042e-02 2.000000000000000042e-02 2.000000000000000042e-02 2.000000000000000042e-02
2.000000000000000042e-02 2.000000000000000042e-02 2.000000000000000042e-02 2.000000000000000042e-02
2.000000000000000042e-02 2.000000000000000042e-02 2.000000000000000042e-02 2.000000000000000042e-02
2.000000000000000042e-02 2.000000000000000042e-02 2.000000000000000042e-02 2.000000000000000042e-02
2.000000000000000042e-02 2.000000000000000042e-02 2.000000000000000042e-02 2.000000000000000042e-02
2.000000000000000042e-02 2.000000000000000042e-02 2.000000000000000042e-02 2.000000000000000042e-02
2.000000000000000042e-02 2.000000000000000042e-02 2.000000000000000042e-02 2.000000000000000042e-02
2.000000000000000042e-02 2.000000000000000042e-02 2.000000000000000042e-02 2.000000000000000042e-02
2.000000000000000042e-02 2.000000000000000042e-02 2.000000000000000042e-02 2.000000000000000042e-02
2.000000000000000042e-02 2.000000000000000042e-02 2.000000000000000042e-02 2.000000000000000042e-02
2.000000000000000042e-02 2.000000000000000042e-02 2.000000000000000042e-02 2.000000000000000042e-02
2.000000000000000042e-02 2.000000000000000042e-02 2.000000000000000042e-02 2.000000000000000042e-02
2.000000000000000042e-02 2.000000000000000042e-02 2.000000000000000042e-02 2.000000000000000042e-02
2.000000000000000042e-02 2.000000000000000042e-02 2.000000000000000042e-02 2.000000000000000042e-02
2.000000000000000042e-02 2.000000000000000042e-02 2.000000000000000042e-02 2.000000000000000042e-02
2.000000000000000042e-02 2.000000000000000042e-02 2.000000000000000042e-02 2.000000000000000042e-02
2.000000000000000042e-02 2.000000000000000042e-02 2.000000000000000042e-02 2.000000000000000042e-02
2.000000000000000042e-02 2.000000000000000042e-02 2.000000000000000042e-02 2.000000000000000042e-02
2.000000000000000042e-02 2.000000000000000042e-02 2.000000000000000042e-02 2.000000000000000042e-02
2.000000000000000042e-02 2.000000000000000042e-02 2.000000000000000042e-02 2.000000000000000042e-02
2.000000000000000042e-02 2.000000000000000042e-02 2.000000000000000042e-02 2.000000000000000042e-02
2.000000000000000042e-02 2.000000000000000042e-02 2.000000000000000042e-02 2.000000000000000042e-02
2.000000000000000042e-02 2.000000000000000042e-02 2.000000000000000042e-02 2.000000000000000042e-02
2.000000000000000042e-02 2.000000000000000042e-02 2.000000000000000042e-02 2.000000000000000042e-02
2.000000000000000042e-02 2.000000000000000042e-02 2.000000000000000042e-02 2.000000000000000042e-02
2.000000000000000042e-02 2.000000000000000042e-02 2.000000000000000042e-02 2.000000000000000042e-02
2.000000000000000042e-02 2.000000000000000042e-02 2.000000000000000042e-02 2.000000000000000042e-02
2.000000000000000042e-02 2.000000000000000042e-02 2.000000000000000042e-02 2.000000000000000042e-02
2.000000000000000042e-02 2.000000000000000042e-02 2.000000000000000042e-02 2.000000000000000042e-02
2.000000000000000042e-02 2.000000000000000042e-02 2.000000000000000042e-02 2.000000000000000042e-02
2.000000000000000042e-02 2.000000000000000042e-02 2.000000000000000042e-02 2.000000000000000042e-02
2.000000000000000042e-02 2.000000000000000042e-02 2.000000000000000042e-02 2.000000000000000042e-02
2.000000000000000042e-02 2.000000000000000042e-02 2.000000000000000042e-02 2.000000000000000042e-02
2.000000000000000042e-02 2.000000000000000042e-02 2.000000000000000042e-02 2.000000000000000042e-02
2.000000000000000042e-02 2.000000000000000042e-02 2.000000000000000042e-02 2.000000000000000042e-02
2.000000000000000042e-02 2.000000000000000042e-02 2.000000000000000042e-02 2.000000000000000042e-02
2.000000000000000042e-02 2.000000000000000042e-02 2.000000000000000042e-02 2.000000000000000042e-02
2.000000000000000042e-02 8.920138622353143698e-02 2.000000000000000042e-02 2.000000000000000042e-02
2.000000000000000042e-02 1.584027724470628562e-01 2.000000000000000042e-02 2.000000000000000042e-02
2.000000000000000042e-02 2.276041586705942754e-01 2.000000000000000042e-02 2.000000000000000042e-02
2.000000000000000042e-02 2.968055448941257501e-01 2.000000000000000042e-02 2.000000000000000042e-02
2.000000000000000042e-02 3.660069311176571971e-01 2.000000000000000042e-02 2.000000000000000042e-02
2.000000000000000042e-02 4.352083173411885886e-01 2.000000000000000042e-02 2.000000000000000042e-02
2.000000000000000042e-02 5.044097035647200356e-01 2.000000000000000042e-02 2.000000000000000042e-02
2.000000000000000042e-02 5.736110897882514825e-01 2.000000000000000042e-02 2.000000000000000042e-02
2.000000000000000042e-02 6.428124760117829295e-01 2.000000000000000042e-02 2.000000000000000042e-02
2.000000000000000042e-02 7.120138622353143765e-01 2.000000000000000042e-02 2.000000000000000042e-02
2.000000000000000042e-02 7.812152484588458234e-01 2.000000000000000042e-02 2.000000000000000042e-02
2.000000000000000042e-02 8.504166346823771594e-01 2.000000000000000042e-02 2.000000000000000042e-02
2.000000000000000042e-02 9.196180209059086064e-01 2.000000000000000042e-02 2.000000000000000042e-02
2.000000000000000042e-02 9.888194071294401644e-01 2.000000000000000042e-02 2.000000000000000042e-02
2.000000000000000042e-02 9.888194071294401644e-01 2.000000000000000042e-02 2.000000000000000042e-02
2.000000000000000042e-02 9.888194071294401644e-01 2.000000000000000042e-02 2.000000000000000042e-02
2.000000000000000042e-02 9.888194071294401644e-01 2.000000000000000042e-02 2.000000000000000042e-02
2.000000000000000042e-02 9.888194071294401644e-01 2.000000000000000042e-02 2.000000000000000042e-02
2.000000000000000042e-02 9.888194071294401644e-01 2.000000000000000042e-02 2.000000000000000042e-02
2.000000000000000042e-02 9.888194071294401644e-01 2.000000000000000042e-02 2.000000000000000042e-02
2.000000000000000042e-02 9.888194071294401644e-01 2.000000000000000042e-02 2.000000000000000042e-02
2.000000000000000042e-02 9.888194071294401644e-01 2.000000000000000042e-02 2.000000000000000042e-02
2.000000000000000042e-02 9.888194071294401644e-01 2.000000000000000042e-02 2.000000000000000042e-02
2.000000000000000042e-02 9.888194071294401644e-01 2.000000000000000042e-02 2.000000000000000042e-02
2.000000000000000042e-02 9.888194071294401644e-01 2.000000000000000042e-02 2.000000000000000042e-02
2.000000000000000042e-02 9.888194071294401644e-01 2.000000000000000042e-02 2.000000000000000042e-02
2.000000000000000042e-02 9.888194071294401644e-01 2.000000000000000042e-02 2.000000000000000042e-02
2.000000000000000042e-02 9.888194071294401644e-01 2.000000000000000042e-02 2.000000000000000042e-02
2.000000000000000042e-02 9.888194071294401644e-01 2.000000000000000042e-02 2.000000000000000042e-02
2.000000000000000042e-02 9.888194071294401644e-01 2.000000000000000042e-02 2.000000000000000042e-02
2.000000000000000042e-02 9.888194071294401644e-01 2.000000000000000042e-02 2.000000000000000042e-02
2.000000000000000042e-02 9.888194071294401644e-01 2.000000000000000042e-02 2.000000000000000042e-02
2.000000000000000042e-02 9.888194071294401644e-01 2.000000000000000042e-02 2.000000000000000042e-02
2.000000000000000042e-02 9.888194071294401644e-01 2.000000000000000042e-02 2.000000000000000042e-02
2.000000000000000042e-02 9.888194071294401644e-01 2.000000000000000042e-02 2.000000000000000042e-02
2.000000000000000042e-02 9.888194071294401644e-01 2.000000000000000042e-02 2.000000000000000042e-02
2.000000000000000042e-02 9.888194071294401644e-01 2.000000000000000042e-02 2.000000000000000042e-02
2.000000000000000042e-02 9.888194071294401644e-01 2.000000000000000042e-02 2.000000000000000042e-02
2.000000000000000042e-02 9.888194071294401644e-01 2.000000000000000042e-02 2.000000000000000042e-02
2.000000000000000042e-02 9.888194071294401644e-01 2.000000000000000042e-02 2.000000000000000042e-02
2.000000000000000042e-02 8.811728063372801234e-01 2.000000000000000042e-02 2.000000000000000042e-02
2.000000000000000042e-02 7.735262055451201935e-01 2.000000000000000042e-02 2.000000000000000042e-02
2.000000000000000042e-02 6.658796047529601525e-01 2.000000000000000042e-02 2.000000000000000042e-02
2.000000000000000042e-02 5.582330039608001115e-01 2.000000000000000042e-02 2.000000000000000042e-02
2.000000000000000042e-02 4.505864031686400706e-01 2.000000000000000042e-02 2.000000000000000042e-02
2.000000000000000042e-02 3.429398023764801406e-01 2.000000000000000042e-02 2.000000000000000042e-02
2.000000000000000042e-02 2.352932015843200997e-01 2.000000000000000042e-02 2.000000000000000042e-02
2.000000000000000042e-02 1.276466007921600587e-01 2.000000000000000042e-02 2.000000000000000042e-02
2.000000000000000042e-02 2.000000000000000042e-02 2.000000000000000042e-02 2.000000000000000042e-02
2.000000000000000042e-02 2.000000000000000042e-02 2.000000000000000042e-02 2.000000000000000042e-02
2.000000000000000042e-02 2.000000000000000042e-02 8.801451115296195227e-02 2.000000000000000042e-02
2.000000000000000042e-02 2.000000000000000042e-02 1.560290223059238868e-01 2.000000000000000042e-02
2.000000000000000042e-02 2.000000000000000042e-02 2.240435334588858352e-01 2.000000000000000042e-02
2.000000000000000042e-02 2.000000000000000042e-02 2.920580446118478113e-01 2.000000000000000042e-02
2.000000000000000042e-02 2.000000000000000042e-02 3.600725557648097874e-01 2.000000000000000042e-02
2.000000000000000042e-02 2.000000000000000042e-02 4.280870669177717081e-01 2.000000000000000042e-02
2.000000000000000042e-02 2.000000000000000042e-02 4.961015780707336287e-01 2.000000000000000042e-02
2.000000000000000042e-02 2.000000000000000042e-02 5.641160892236956048e-01 2.000000000000000042e-02
2.000000000000000042e-02 2.000000000000000042e-02 6.321306003766575810e-01 2.000000000000000042e-02
2.000000000000000042e-02 2.000000000000000042e-02 7.001451115296195571e-01 2.000000000000000042e-02
2.000000000000000042e-02 2.000000000000000042e-02 7.681596226825814222e-01 2.000000000000000042e-02
2.000000000000000042e-02 2.000000000000000042e-02 8.361741338355433983e-01 2.000000000000000042e-02
2.000000000000000042e-02 2.000000000000000042e-02 9.041886449885053745e-01 2.000000000000000042e-02
2.000000000000000042e-02 2.000000000000000042e-02 9.722031561414673506e-01 2.000000000000000042e-02
2.000000000000000042e-02 2.000000000000000042e-02 9.722031561414673506e-01 2.000000000000000042e-02
2.000000000000000042e-02 2.000000000000000042e-02 9.722031561414673506e-01 2.000000000000000042e-02
2.000000000000000042e-02 2.000000000000000042e-02 9.722031561414673506e-01 2.000000000000000042e-02
2.000000000000000042e-02 2.000000000000000042e-02 9.722031561414673506e-01 2.000000000000000042e-02
2.000000000000000042e-02 2.000000000000000042e-02 9.722031561414673506e-01 2.000000000000000042e-02
2.000000000000000042e-02 2.000000000000000042e-02 9.722031561414673506e-01 2.000000000000000042e-02
2.000000000000000042e-02 2.000000000000000042e-02 9.722031561414673506e-01 2.000000000000000042e-02
2.000000000000000042e-02 2.000000000000000042e-02 9.722031561414673506e-01 2.000000000000000042e-02
2.000000000000000042e-02 2.000000000000000042e-02 9.722031561414673506e-01 2.000000000000000042e-02
2.000000000000000042e-02 2.000000000000000042e-02 9.722031561414673506e-01 2.000000000000000042e-02
2.000000000000000042e-02 2.000000000000000042e-02 9.722031561414673506e-01 2.000000000000000042e-02
2.000000000000000042e-02 2.000000000000000042e-02 9.722031561414673506e-01 2.000000000000000042e-02
2.000000000000000042e-02 2.000000000000000042e-02 9.722031561414673506e-01 2.000000000000000042e-02
2.000000000000000042e-02 2.000000000000000042e-02 9.722031561414673506e-01 2.000000000000000042e-02
2.000000000000000042e-02 2.000000000000000042e-02 9.722031561414673506e-01 2.000000000000000042e-02
2.000000000000000042e-02 2.000000000000000042e-02 9.722031561414673506e-01 2.000000000000000042e-02
2.000000000000000042e-02 2.000000000000000042e-02 9.722031561414673506e-01 2.000000000000000042e-02
2.000000000000000042e-02 2.000000000000000042e-02 9.722031561414673506e-01 2.000000000000000042e-02
2.000000000000000042e-02 2.000000000000000042e-02 9.722031561414673506e-01 2.000000000000000042e-02
2.000000000000000042e-02 2.000000000000000042e-02 9.722031561414673506e-01 2.000000000000000042e-02
2.000000000000000042e-02 2.000000000000000042e-02 9.722031561414673506e-01 2.000000000000000042e-02
2.000000000000000042e-02 2.000000000000000042e-02 9.722031561414673506e-01 2.000000000000000042e-02
2.000000000000000042e-02 2.000000000000000042e-02 9.722031561414673506e-01 2.000000000000000042e-02
2.000000000000000042e-02 2.000000000000000042e-02 9.722031561414673506e-01 2.000000000000000042e-02
2.000000000000000042e-02 2.000000000000000042e-02 9.722031561414673506e-01 2.000000000000000042e-02
2.000000000000000042e-02 2.000000000000000042e-02 9.722031561414673506e-01 2.000000000000000042e-02
2.000000000000000042e-02 2.000000000000000042e-02 8.664028054590821037e-01 2.000000000000000042e-02
2.000000000000000042e-02 2.000000000000000042e-02 7.606024547766968569e-01 2.000000000000000042e-02
2.000000000000000042e-02 2.000000000000000042e-02 6.548021040943114990e-01 2.000000000000000042e-02
2.000000000000000042e-02 2.000000000000000042e-02 5.490017534119262521e-01 2.000000000000000042e-02
2.000000000000000042e-02 2.000000000000000042e-02 4.432014027295410052e-01 2.000000000000000042e-02
2.000000000000000042e-02 2.000000000000000042e-02 3.374010520471557584e-01 2.000000000000000042e-02
2.000000000000000042e-02 2.000000000000000042e-02 2.316007013647705115e-01 2.000000000000000042e-02
2.000000000000000042e-02 2.000000000000000042e-02 1.258003506823852646e-01 2.000000000000000042e-02
2.000000000000000042e-02 2.000000000000000042e-02 2.000000000000000042e-02 2.000000000000000042e-02
2.000000000000000042e-02 2.000000000000000042e-02 2.000000000000000042e-02 2.000000000000000042e-02
2.000000000000000042e-02 2.000000000000000042e-02 2.000000000000000042e-02 8.725769914544879990e-02
2.000000000000000042e-02 2.000000000000000042e-02 2.000000000000000042e-02 1.545153982908975820e-01
2.000000000000000042e-02 2.000000000000000042e-02 2.000000000000000042e-02 2.217730974363463781e-01
2.000000000000000042e-02 2.000000000000000042e-02 2.000000000000000042e-02 2.890307965817952018e-01
2.000000000000000042e-02 2.000000000000000042e-02 2.000000000000000042e-02 3.562884957272439701e-01
2.000000000000000042e-02 2.000000000000000042e-02 2.000000000000000042e-02 4.235461948726927939e-01
2.000000000000000042e-02 2.000000000000000042e-02 2.000000000000000042e-02 4.908038940181416177e-01
2.000000000000000042e-02 2.000000000000000042e-02 2.000000000000000042e-02 5.580615931635903859e-01
2.000000000000000042e-02 2.000000000000000042e-02 2.000000000000000042e-02 6.253192923090391542e-01
2.000000000000000042e-02 2.000000000000000042e-02 2.000000000000000042e-02 6.925769914544879224e-01
2.000000000000000042e-02 2.000000000000000042e-02 2.000000000000000042e-02 7.598346905999368017e-01
2.000000000000000042e-02 2.000000000000000042e-02 2.000000000000000042e-02 8.270923897453855700e-01
2.000000000000000042e-02 2.000000000000000042e-02 2.000000000000000042e-02 8.943500888908343383e-01
2.000000000000000042e-02 2.000000000000000042e-02 2.000000000000000042e-02 9.616077880362831065e-01
2.000000000000000042e-02 2.000000000000000042e-02 2.000000000000000042e-02 9.616077880362831065e-01
2.000000000000000042e-02 2.000000000000000042e-02 2.000000000000000042e-02 9.616077880362831065e-01
2.000000000000000042e-02 2.000000000000000042e-02 2.000000000000000042e-02 9.616077880362831065e-01
2.000000000000000042e-02 2.000000000000000042e-02 2.000000000000000042e-02 9.616077880362831065e-01
2.000000000000000042e-02 2.000000000000000042e-02 2.000000000000000042e-02 9.616077880362831065e-01
2.000000000000000042e-02 2.000000000000000042e-02 2.000000000000000042e-02 9.616077880362831065e-01
2.000000000000000042e-02 2.000000000000000042e-02 2.000000000000000042e-02 9.616077880362831065e-01
2.000000000000000042e-02 2.000000000000000042e-02 2.000000000000000042e-02 9.616077880362831065e-01
2.000000000000000042e-02 2.000000000000000042e-02 2.000000000000000042e-02 9.616077880362831065e-01
2.000000000000000042e-02 2.000000000000000042e-02 2.000000000000000042e-02 9.616077880362831065e-01
2.000000000000000042e-02 2.000000000000000042e-02 2.000000000000000042e-02 9.616077880362831065e-01
2.000000000000000042e-02 2.000000000000000042e-02 2.000000000000000042e-02 9.616077880362831065e-01
2.000000000000000042e-02 2.000000000000000042e-02 2.000000000000000042e-02 9.616077880362831065e-01
2.000000000000000042e-02 2.000000000000000042e-02 2.000000000000000042e-02 9.616077880362831065e-01
2.000000000000000042e-02 2.000000000000000042e-02 2.000000000000000042e-02 9.616077880362831065e-01
2.000000000000000042e-02 2.000000000000000042e-02 2.000000000000000042e-02 9.616077880362831065e-01
2.000000000000000042e-02 2.000000000000000042e-02 2.000000000000000042e-02 9.616077880362831065e-01
2.000000000000000042e-02 2.000000000000000042e-02 2.000000000000000042e-02 9.616077880362831065e-01
2.000000000000000042e-02 2.000000000000000042e-02 2.000000000000000042e-02 9.616077880362831065e-01
2.000000000000000042e-02 2.000000000000000042e-02 2.000000000000000042e-02 9.616077880362831065e-01
2.000000000000000042e-02 2.000000000000000042e-02 2.000000000000000042e-02 9.616077880362831065e-01
2.000000000000000042e-02 2.000000000000000042e-02 2.000000000000000042e-02 9.616077880362831065e-01
2.000000000000000042e-02 2.000000000000000042e-02 2.000000000000000042e-02 9.616077880362831065e-01
2.000000000000000042e-02 2.000000000000000042e-02 2.000000000000000042e-02 9.616077880362831065e-01
2.000000000000000042e-02 2.000000000000000042e-02 2.000000000000000042e-02 9.616077880362831065e-01
2.000000000000000042e-02 2.000000000000000042e-02 2.000000000000000042e-02 9.616077880362831065e-01
2.000000000000000042e-02 2.000000000000000042e-02 2.000000000000000042e-02 8.569847004766960596e-01
2.000000000000000042e-02 2.000000000000000042e-02 2.000000000000000042e-02 7.523616129171091238e-01
2.000000000000000042e-02 2.000000000000000042e-02 2.000000000000000042e-02 6.477385253575220769e-01
2.000000000000000042e-02 2.000000000000000042e-02 2.000000000000000042e-02 5.431154377979350301e-01
2.000000000000000042e-02 2.000000000000000042e-02 2.000000000000000042e-02 4.384923502383480942e-01
2.000000000000000042e-02 2.000000000000000042e-02 2.000000000000000042e-02 3.338692626787610473e-01
2.000000000000000042e-02 2.000000000000000042e-02 2.000000000000000042e-02 2.292461751191741115e-01
2.000000000000000042e-02 2.000000000000000042e-02 2.000000000000000042e-02 1.246230875595870646e-01
2.000000000000000042e-02 2.000000000000000042e-02 2.000000000000000042e-02 2.000000000000000042e-02
2.000000000000000042e-02 2.000000000000000042e-02 2.000000000000000042e-02 2.000000000000000042e-02
8.769478357989163309e-02 2.000000000000000042e-02 2.000000000000000042e-02 2.000000000000000042e-02
1.553895671597832484e-01 2.000000000000000042e-02 2.000000000000000042e-02 2.000000000000000042e-02
2.230843507396748915e-01 2.000000000000000042e-02 2.000000000000000042e-02 2.000000000000000042e-02
2.907791343195665346e-01 2.000000000000000042e-02 2.000000000000000042e-02 2.000000000000000042e-02
3.584739178994581499e-01 2.000000000000000042e-02 2.000000000000000042e-02 2.000000000000000042e-02
4.261687014793498207e-01 2.000000000000000042e-02 2.000000000000000042e-02 2.000000000000000042e-02
4.938634850592414360e-01 2.000000000000000042e-02 2.000000000000000042e-02 2.000000000000000042e-02
5.615582686391330514e-01 2.000000000000000042e-02 2.000000000000000042e-02 2.000000000000000042e-02
6.292530522190247222e-01 2.000000000000000042e-02 2.000000000000000042e-02 2.000000000000000042e-02
6.969478357989162820e-01 2.000000000000000042e-02 2.000000000000000042e-02 2.000000000000000042e-02
7.646426193788079528e-01 2.000000000000000042e-02 2.000000000000000042e-02 2.000000000000000042e-02
8.323374029586996237e-01 2.000000000000000042e-02 2.000000000000000042e-02 2.000000000000000042e-02
9.000321865385911835e-01 2.000000000000000042e-02 2.000000000000000042e-02 2.000000000000000042e-02
9.677269701184828543e-01 2.000000000000000042e-02 2.000000000000000042e-02 2.000000000000000042e-02
9.677269701184828543e-01 2.000000000000000042e-02 2.000000000000000042e-02 2.000000000000000042e-02
9.677269701184828543e-01 2.000000000000000042e-02 2.000000000000000042e-02 2.000000000000000042e-02
9.677269701184828543e-01 2.000000000000000042e-02 2.000000000000000042e-02 2.000000000000000042e-02
9.677269701184828543e-01 2.000000000000000042e-02 2.000000000000000042e-02 2.000000000000000042e-02
9.677269701184828543e-01 2.000000000000000042e-02 2.000000000000000042e-02 2.000000000000000042e-02
9.677269701184828543e-01 2.000000000000000042e-02 2.000000000000000042e-02 2.000000000000000042e-02
9.677269701184828543e-01 2.000000000000000042e-02 2.000000000000000042e-02 2.000000000000000042e-02
9.677269701184828543e-01 2.000000000000000042e-02 2.000000000000000042e-02 2.000000000000000042e-02
9.677269701184828543e-01 2.000000000000000042e-02 2.000000000000000042e-02 2.000000000000000042e-02
9.677269701184828543e-01 2.000000000000000042e-02 2.000000000000000042e-02 2.000000000000000042e-02
9.677269701184828543e-01 2.000000000000000042e-02 2.000000000000000042e-02 2.000000000000000042e-02
9.677269701184828543e-01 2.000000000000000042e-02 2.000000000000000042e-02 2.000000000000000042e-02
9.677269701184828543e-01 2.000000000000000042e-02 2.000000000000000042e-02 2.000000000000000042e-02
9.677269701184828543e-01 2.000000000000000042e-02 2.000000000000000042e-02 2.000000000000000042e-02
9.677269701184828543e-01 2.000000000000000042e-02 2.000000000000000042e-02 2.000000000000000042e-02
9.677269701184828543e-01 2.000000000000000042e-02 2.000000000000000042e-02 2.000000000000000042e-02
9.677269701184828543e-01 2.000000000000000042e-02 2.000000000000000042e-02 2.000000000000000042e-02
9.677269701184828543e-01 2.000000000000000042e-02 2.000000000000000042e-02 2.000000000000000042e-02
9.677269701184828543e-01 2.000000000000000042e-02 2.000000000000000042e-02 2.000000000000000042e-02
9.677269701184828543e-01 2.000000000000000042e-02 2.000000000000000042e-02 2.000000000000000042e-02
9.677269701184828543e-01 2.000000000000000042e-02 2.000000000000000042e-02 2.000000000000000042e-02
9.677269701184828543e-01 2.000000000000000042e-02 2.000000000000000042e-02 2.000000000000000042e-02
9.677269701184828543e-01 2.000000000000000042e-02 2.000000000000000042e-02 2.000000000000000042e-02
9.677269701184828543e-01 2.000000000000000042e-02 2.000000000000000042e-02 2.000000000000000042e-02
9.677269701184828543e-01 2.000000000000000042e-02 2.000000000000000042e-02 2.000000000000000042e-02
9.677269701184828543e-01 2.000000000000000042e-02 2.000000000000000042e-02 2.000000000000000042e-02
8.624239734386514034e-01 2.000000000000000042e-02 2.000000000000000042e-02 2.000000000000000042e-02
7.571209767588200634e-01 2.000000000000000042e-02 2.000000000000000042e-02 2.000000000000000042e-02
6.518179800789886125e-01 2.000000000000000042e-02 2.000000000000000042e-02 2.000000000000000042e-02
5.465149833991571615e-01 2.000000000000000042e-02 2.000000000000000042e-02 2.000000000000000042e-02
4.412119867193257106e-01 2.000000000000000042e-02 2.000000000000000042e-02 2.000000000000000042e-02
3.359089900394943706e-01 2.000000000000000042e-02 2.000000000000000042e-02 2.000000000000000042e-02
2.306059933596629197e-01 2.000000000000000042e-02 2.000000000000000042e-02 2.000000000000000042e-02
1.253029966798314687e-01 2.000000000000000042e-02 2.000000000000000042e-02 2.000000000000000042e-02
2.000000000000000042e-02 2.000000000000000042e-02 2.000000000000000042e-02 2.000000000000000042e-02
2.000000000000000042e-02 2.000000000000000042e-02 2.000000000000000042e-02 2.000000000000000042e-02
2.000000000000000042e-02 2.000000000000000042e-02 8.799686098410658408e-02 2.000000000000000042e-02
2.000000000000000042e-02 2.000000000000000042e-02 1.559937219682131504e-01 2.000000000000000042e-02
2.000000000000000042e-02 2.000000000000000042e-02 2.239905829523197445e-01 2.000000000000000042e-02
2.000000000000000042e-02 2.000000000000000042e-02 2.919874439364263385e-01 2.000000000000000042e-02
2.000000000000000042e-02 2.000000000000000042e-02 3.599843049205329049e-01 2.000000000000000042e-02
2.000000000000000042e-02 2.000000000000000042e-02 4.279811659046395267e-01 2.000000000000000042e-02
2.000000000000000042e-02 2.000000000000000042e-02 4.959780268887460930e-01 2.000000000000000042e-02
2.000000000000000042e-02 2.000000000000000042e-02 5.639748878728526593e-01 2.000000000000000042e-02
2.000000000000000042e-02 2.000000000000000042e-02 6.319717488569592811e-01 2.000000000000000042e-02
2.000000000000000042e-02 2.000000000000000042e-02 6.999686098410657920e-01 2.000000000000000042e-02
2.000000000000000042e-02 2.000000000000000042e-02 7.679654708251724138e-01 2.000000000000000042e-02
2.000000000000000042e-02 2.000000000000000042e-02 8.359623318092790356e-01 2.000000000000000042e-02
2.000000000000000042e-02 2.000000000000000042e-02 9.039591927933855464e-01 2.000000000000000042e-02
2.000000000000000042e-02 2.000000000000000042e-02 9.719560537774921682e-01 2.000000000000000042e-02
2.000000000000000042e-02 2.000000000000000042e-02 9.719560537774921682e-01 2.000000000000000042e-02
2.000000000000000042e-02 2.000000000000000042e-02 9.719560537774921682e-01 2.000000000000000042e-02
2.000000000000000042e-02 2.000000000000000042e-02 9.719560537774921682e-01 2.000000000000000042e-02
2.000000000000000042e-02 2.000000000000000042e-02 9.719560537774921682e-01 2.000000000000000042e-02
2.000000000000000042e-02 2.000000000000000042e-02 9.719560537774921682e-01 2.000000000000000042e-02
2.000000000000000042e-02 2.000000000000000042e-02 9.719560537774921682e-01 2.000000000000000042e-02
2.000000000000000042e-02 2.000000000000000042e-02 9.719560537774921682e-01 2.000000000000000042e-02
2.000000000000000042e-02 2.000000000000000042e-02 9.719560537774921682e-01 2.000000000000000042e-02
2.000000000000000042e-02 2.000000000000000042e-02 9.719560537774921682e-01 2.000000000000000042e-02
2.000000000000000042e-02 2.000000000000000042e-02 9.719560537774921682e-01 2.000000000000000042e-02
2.000000000000000042e-02 2.000000000000000042e-02 9.719560537774921682e-01 2.000000000000000042e-02
2.000000000000000042e-02 2.000000000000000042e-02 9.719560537774921682e-01 2.000000000000000042e-02
2.000000000000000042e-02 2.000000000000000042e-02 9.719560537774921682e-01 2.000000000000000042e-02
2.000000000000000042e-02 2.000000000000000042e-02 9.719560537774921682e-01 2.000000000000000042e-02
2.000000000000000042e-02 2.000000000000000042e-02 9.719560537774921682e-01 2.000000000000000042e-02
2.000000000000000042e-02 2.000000000000000042e-02 9.719560537774921682e-01 2.000000000000000042e-02
2.000000000000000042e-02 2.000000000000000042e-02 9.719560537774921682e-01 2.000000000000000042e-02
2.000000000000000042e-02 2.000000000000000042e-02 9.719560537774921682e-01 2.000000000000000042e-02
2.000000000000000042e-02 2.000000000000000042e-02 9.719560537774921682e-01 2.000000000000000042e-02
2.000000000000000042e-02 2.000000000000000042e-02 9.719560537774921682e-01 2.000000000000000042e-02
2.000000000000000042e-02 2.000000000000000042e-02 9.719560537774921682e-01 2.000000000000000042e-02
2.000000000000000042e-02 2.000000000000000042e-02 9.719560537774921682e-01 2.000000000000000042e-02
2.000000000000000042e-02 2.000000000000000042e-02 9.719560537774921682e-01 2.000000000000000042e-02
2.000000000000000042e-02 2.000000000000000042e-02 9.719560537774921682e-01 2.000000000000000042e-02
2.000000000000000042e-02 2.000000000000000042e-02 9.719560537774921682e-01 2.000000000000000042e-02
2.000000000000000042e-02 2.000000000000000042e-02 9.719560537774921682e-01 2.000000000000000042e-02
2.000000000000000042e-02 2.000000000000000042e-02 8.661831589133264231e-01 2.000000000000000042e-02
2.000000000000000042e-02 2.000000000000000042e-02 7.604102640491605669e-01 2.000000000000000042e-02
2.000000000000000042e-02 2.000000000000000042e-02 6.546373691849947107e-01 2.000000000000000042e-02
2.000000000000000042e-02 2.000000000000000042e-02 5.488644743208289656e-01 2.000000000000000042e-02
2.000000000000000042e-02 2.000000000000000042e-02 4.430915794566631094e-01 2.000000000000000042e-02
2.000000000000000042e-02 2.000000000000000042e-02 3.373186845924973642e-01 2.000000000000000042e-02
2.000000000000000042e-02 2.000000000000000042e-02 2.315457897283316191e-01 2.000000000000000042e-02
2.000000000000000042e-02 2.000000000000000042e-02 1.257728948641657629e-01 2.000000000000000042e-02
2.000000000000000042e-02 2.000000000000000042e-02 2.000000000000000042e-02 2.000000000000000042e-02
2.000000000000000042e-02 2.000000000000000042e-02 2.000000000000000042e-02 2.000000000000000042e-02
2.000000000000000042e-02 2.000000000000000042e-02 2.000000000000000042e-02 8.841512400600351484e-02
2.000000000000000042e-02 2.000000000000000042e-02 2.000000000000000042e-02 1.568302480120070119e-01
2.000000000000000042e-02 2.000000000000000042e-02 2.000000000000000042e-02 2.252453720180105090e-01
2.000000000000000042e-02 2.000000000000000042e-02 2.000000000000000042e-02 2.936604960240140616e-01
2.000000000000000042e-02 2.000000000000000042e-02 2.000000000000000042e-02 3.620756200300175864e-01
2.000000000000000042e-02 2.000000000000000042e-02 2.000000000000000042e-02 4.304907440360210558e-01
2.000000000000000042e-02 2.000000000000000042e-02 2.000000000000000042e-02 4.989058680420245806e-01
2.000000000000000042e-02 2.000000000000000042e-02 2.000000000000000042e-02 5.673209920480281054e-01
2.000000000000000042e-02 2.000000000000000042e-02 2.000000000000000042e-02 6.357361160540315748e-01
2.000000000000000042e-02 2.000000000000000042e-02 2.000000000000000042e-02 7.041512400600351551e-01
2.000000000000000042e-02 2.000000000000000042e-02 2.000000000000000042e-02 7.725663640660386244e-01
2.000000000000000042e-02 2.000000000000000042e-02 2.000000000000000042e-02 8.409814880720420938e-01
2.000000000000000042e-02 2.000000000000000042e-02 2.000000000000000042e-02 9.093966120780456741e-01
2.000000000000000042e-02 2.000000000000000042e-02 2.000000000000000042e-02 9.778117360840491434e-01
2.000000000000000042e-02 2.000000000000000042e-02 2.000000000000000042e-02 9.778117360840491434e-01
2.000000000000000042e-02 2.000000000000000042e-02 2.000000000000000042e-02 9.778117360840491434e-01
2.000000000000000042e-02 2.000000000000000042e-02 2.000000000000000042e-02 9.778117360840491434e-01
2.000000000000000042e-02 2.000000000000000042e-02 2.000000000000000042e-02 9.778117360840491434e-01
2.000000000000000042e-02 2.000000000000000042e-02 2.000000000000000042e-02 9.778117360840491434e-01
2.000000000000000042e-02 2.000000000000000042e-02 2.000000000000000042e-02 9.778117360840491434e-01
2.000000000000000042e-02 2.000000000000000042e-02 2.000000000000000042e-02 9.778117360840491434e-01
2.000000000000000042e-02 2.000000000000000042e-02 2.000000000000000042e-02 9.778117360840491434e-01
2.000000000000000042e-02 2.000000000000000042e-02 2.000000000000000042e-02 9.778117360840491434e-01
2.000000000000000042e-02 2.000000000000000042e-02 2.000000000000000042e-02 9.778117360840491434e-01
2.000000000000000042e-02 2.000000000000000042e-02 2.000000000000000042e-02 9.778117360840491434e-01
2.000000000000000042e-02 2.000000000000000042e-02 2.000000000000000042e-02 9.778117360840491434e-01
2.000000000000000042e-02 2.000000000000000042e-02 2.000000000000000042e-02 9.778117360840491434e-01
2.000000000000000042e-02 2.000000000000000042e-02 2.000000000000000042e-02 9.778117360840491434e-01
2.000000000000000042e-02 2.000000000000000042e-02 2.000000000000000042e-02 9.778117360840491434e-01
2.000000000000000042e-02 2.000000000000000042e-02 2.000000000000000042e-02 9.778117360840491434e-01
2.000000000000000042e-02 2.000000000000000042e-02 2.000000000000000042e-02 9.778117360840491434e-01
2.000000000000000042e-02 2.000000000000000042e-02 2.000000000000000042e-02 9.778117360840491434e-01
2.000000000000000042e-02 2.000000000000000042e-02 2.000000000000000042e-02 9.778117360840491434e-01
2.000000000000000042e-02 2.000000000000000042e-02 2.000000000000000042e-02 9.778117360840491434e-01
2.000000000000000042e-02 2.000000000000000042e-02 2.000000000000000042e-02 9.778117360840491434e-01
2.000000000000000042e-02 2.000000000000000042e-02 2.000000000000000042e-02 9.778117360840491434e-01
2.000000000000000042e-02 2.000000000000000042e-02 2.000000000000000042e-02 9.778117360840491434e-01
2.000000000000000042e-02 2.000000000000000042e-02 2.000000000000000042e-02 9.778117360840491434e-01
2.000000000000000042e-02 2.000000000000000042e-02 2.000000000000000042e-02 9.778117360840491434e-01
2.000000000000000042e-02 2.000000000000000042e-02 2.000000000000000042e-02 9.778117360840491434e-01
2.000000000000000042e-02 2.000000000000000042e-02 2.000000000000000042e-02 8.713882098524881048e-01
2.000000000000000042e-02 2.000000000000000042e-02 2.000000000000000042e-02 7.649646836209271772e-01
2.000000000000000042e-02 2.000000000000000042e-02 2.000000000000000042e-02 6.585411573893661386e-01
2.000000000000000042e-02 2.000000000000000042e-02 2.000000000000000042e-02 5.521176311578050999e-01
2.000000000000000042e-02 2.000000000000000042e-02 2.000000000000000042e-02 4.456941049262440613e-01
2.000000000000000042e-02 2.000000000000000042e-02 2.000000000000000042e-02 3.392705786946831337e-01
2.000000000000000042e-02 2.000000000000000042e-02 2.000000000000000042e-02 2.328470524631220950e-01
2.000000000000000042e-02 2.000000000000000042e-02 2.000000000000000042e-02 1.264235262315610564e-01
2.000000000000000042e-02 2.000000000000000042e-02 2.000000000000000042e-02 2.000000000000000042e-02
2.000000000000000042e-02 2.000000000000000042e-02 2.000000000000000042e-02 2.000000000000000042e-02
8.878510752504581438e-02 2.000000000000000042e-02 2.000000000000000042e-02 2.000000000000000042e-02
1.575702150500916110e-01 2.000000000000000042e-02 2.000000000000000042e-02 2.000000000000000042e-02
2.263553225751374354e-01 2.000000000000000042e-02 2.000000000000000042e-02 2.000000000000000042e-02
2.951404301001832597e-01 2.000000000000000042e-02 2.000000000000000042e-02 2.000000000000000042e-02
3.639255376252290564e-01 2.000000000000000042e-02 2.000000000000000042e-02 2.000000000000000042e-02
4.327106451502749085e-01 2.000000000000000042e-02 2.000000000000000042e-02 2.000000000000000042e-02
5.014957526753206496e-01 2.000000000000000042e-02 2.000000000000000042e-02 2.000000000000000042e-02
5.702808602003665017e-01 2.000000000000000042e-02 2.000000000000000042e-02 2.000000000000000042e-02
6.390659677254123539e-01 2.000000000000000042e-02 2.000000000000000042e-02 2.000000000000000042e-02
7.078510752504580950e-01 2.000000000000000042e-02 2.000000000000000042e-02 2.000000000000000042e-02
7.766361827755039471e-01 2.000000000000000042e-02 2.000000000000000042e-02 2.000000000000000042e-02
8.454212903005497992e-01 2.000000000000000042e-02 2.000000000000000042e-02 2.000000000000000042e-02
9.142063978255955403e-01 2.000000000000000042e-02 2.000000000000000042e-02 2.000000000000000042e-02
9.829915053506413924e-01 2.000000000000000042e-02 2.000000000000000042e-02 2.000000000000000042e-02
9.829915053506413924e-01 2.000000000000000042e-02 2.000000000000000042e-02 2.000000000000000042e-02
9.829915053506413924e-01 2.000000000000000042e-02 2.000000000000000042e-02 2.000000000000000042e-02
9.829915053506413924e-01 2.000000000000000042e-02 2.000000000000000042e-02 2.000000000000000042e-02
9.829915053506413924e-01 2.000000000000000042e-02 2.000000000000000042e-02 2.000000000000000042e-02
9.829915053506413924e-01 2.000000000000000042e-02 2.000000000000000042e-02 2.000000000000000042e-02
9.829915053506413924e-01 2.000000000000000042e-02 2.000000000000000042e-02 2.000000000000000042e-02
9.829915053506413924e-01 2.000000000000000042e-02 2.000000000000000042e-02 2.000000000000000042e-02
9.829915053506413924e-01 2.000000000000000042e-02 2.000000000000000042e-02 2.000000000000000042e-02
9.829915053506413924e-01 2.000000000000000042e-02 2.000000000000000042e-02 2.000000000000000042e-02
9.829915053506413924e-01 2.000000000000000042e-02 2.000000000000000042e-02 2.000000000000000042e-02
9.829915053506413924e-01 2.000000000000000042e-02 2.000000000000000042e-02 2.000000000000000042e-02
9.829915053506413924e-01 2.000000000000000042e-02 2.000000000000000042e-02 2.000000000000000042e-02
9.829915053506413924e-01 2.000000000000000042e-02 2.000000000000000042e-02 2.000000000000000042e-02
9.829915053506413924e-01 2.000000000000000042e-02 2.000000000000000042e-02 2.000000000000000042e-02
9.829915053506413924e-01 2.000000000000000042e-02 2.000000000000000042e-02 2.000000000000000042e-02
9.829915053506413924e-01 2.000000000000000042e-02 2.000000000000000042e-02 2.000000000000000042e-02
9.829915053506413924e-01 2.000000000000000042e-02 2.000000000000000042e-02 2.000000000000000042e-02
9.829915053506413924e-01 2.000000000000000042e-02 2.000000000000000042e-02 2.000000000000000042e-02
9.829915053506413924e-01 2.000000000000000042e-02 2.000000000000000042e-02 2.000000000000000042e-02
9.829915053506413924e-01 2.000000000000000042e-02 2.000000000000000042e-02 2.000000000000000042e-02
9.829915053506413924e-01 2.000000000000000042e-02 2.000000000000000042e-02 2.000000000000000042e-02
9.829915053506413924e-01 2.000000000000000042e-02 2.000000000000000042e-02 2.000000000000000042e-02
9.829915053506413924e-01 2.000000000000000042e-02 2.000000000000000042e-02 2.000000000000000042e-02
9.829915053506413924e-01 2.000000000000000042e-02 2.000000000000000042e-02 2.000000000000000042e-02
9.829915053506413924e-01 2.000000000000000042e-02 2.000000000000000042e-02 2.000000000000000042e-02
9.829915053506413924e-01 2.000000000000000042e-02 2.000000000000000042e-02 2.000000000000000042e-02
8.759924492005701779e-01 2.000000000000000042e-02 2.000000000000000042e-02 2.000000000000000042e-02
7.689933930504988524e-01 2.000000000000000042e-02 2.000000000000000042e-02 2.000000000000000042e-02
6.619943369004275269e-01 2.000000000000000042e-02 2.000000000000000042e-02 2.000000000000000042e-02
5.549952807503563124e-01 2.000000000000000042e-02 2.000000000000000042e-02 2.000000000000000042e-02
4.479962246002849868e-01 2.000000000000000042e-02 2.000000000000000042e-02 2.000000000000000042e-02
3.409971684502137723e-01 2.000000000000000042e-02 2.000000000000000042e-02 2.000000000000000042e-02
2.339981123001425578e-01 2.000000000000000042e-02 2.000000000000000042e-02 2.000000000000000042e-02
1.269990561500712323e-01 2.000000000000000042e-02 2.000000000000000042e-02 2.000000000000000042e-02
2.000000000000000042e-02 2.000000000000000042e-02 2.000000000000000042e-02 2.000000000000000042e-02
2.000000000000000042e-02 2.000000000000000042e-02 2.000000000000000042e-02 2.000000000000000042e-02
2.000000000000000042e-02 8.878274651645534643e-02 2.000000000000000042e-02 2.000000000000000042e-02
2.000000000000000042e-02 1.575654930329106751e-01 2.000000000000000042e-02 2.000000000000000042e-02
2.000000000000000042e-02 2.263482395493660315e-01 2.000000000000000042e-02 2.000000000000000042e-02
2.000000000000000042e-02 2.951309860658213879e-01 2.000000000000000042e-02 2.000000000000000042e-02
2.000000000000000042e-02 3.639137325822767166e-01 2.000000000000000042e-02 2.000000000000000042e-02
2.000000000000000042e-02 4.326964790987321008e-01 2.000000000000000042e-02 2.000000000000000042e-02
2.000000000000000042e-02 5.014792256151874295e-01 2.000000000000000042e-02 2.000000000000000042e-02
2.000000000000000042e-02 5.702619721316427581e-01 2.000000000000000042e-02 2.000000000000000042e-02
2.000000000000000042e-02 6.390447186480980868e-01 2.000000000000000042e-02 2.000000000000000042e-02
2.000000000000000042e-02 7.078274651645534155e-01 2.000000000000000042e-02 2.000000000000000042e-02
2.000000000000000042e-02 7.766102116810087441e-01 2.000000000000000042e-02 2.000000000000000042e-02
2.000000000000000042e-02 8.453929581974641838e-01 2.000000000000000042e-02 2.000000000000000042e-02
2.000000000000000042e-02 9.141757047139195125e-01 2.000000000000000042e-02 2.000000000000000042e-02
2.000000000000000042e-02 9.829584512303747301e-01 2.000000000000000042e-02 2.000000000000000042e-02
2.000000000000000042e-02 9.829584512303747301e-01 2.000000000000000042e-02 2.000000000000000042e-02
2.000000000000000042e-02 9.829584512303747301e-01 2.000000000000000042e-02 2.000000000000000042e-02
2.000000000000000042e-02 9.829584512303747301e-01 2.000000000000000042e-02 2.000000000000000042e-02
2.000000000000000042e-02 9.829584512303747301e-01 2.000000000000000042e-02 2.000000000000000042e-02
2.000000000000000042e-02 9.829584512303747301e-01 2.000000000000000042e-02 2.000000000000000042e-02
2.000000000000000042e-02 9.829584512303747301e-01 2.000000000000000042e-02 2.000000000000000042e-02
2.000000000000000042e-02 9.829584512303747301e-01 2.000000000000000042e-02 2.000000000000000042e-02
2.000000000000000042e-02 9.829584512303747301e-01 2.000000000000000042e-02 2.000000000000000042e-02
2.000000000000000042e-02 9.829584512303747301e-01 2.000000000000000042e-02 2.000000000000000042e-02
2.000000000000000042e-02 9.829584512303747301e-01 2.000000000000000042e-02 2.000000000000000042e-02
2.000000000000000042e-02 9.829584512303747301e-01 2.000000000000000042e-02 2.000000000000000042e-02
2.000000000000000042e-02 9.829584512303747301e-01 2.000000000000000042e-02 2.000000000000000042e-02
2.000000000000000042e-02 9.829584512303747301e-01 2.000000000000000042e-02 2.000000000000000042e-02
2.000000000000000042e-02 9.829584512303747301e-01 2.000000000000000042e-02 2.000000000000000042e-02
2.000000000000000042e-02 9.829584512303747301e-01 2.000000000000000042e-02 2.000000000000000042e-02
2.000000000000000042e-02 9.829584512303747301e-01 2.000000000000000042e-02 2.000000000000000042e-02
2.000000000000000042e-02 9.829584512303747301e-01 2.000000000000000042e-02 2.000000000000000042e-02
2.000000000000000042e-02 9.829584512303747301e-01 2.000000000000000042e-02 2.000000000000000042e-02
2.000000000000000042e-02 9.829584512303747301e-01 2.000000000000000042e-02 2.000000000000000042e-02
2.000000000000000042e-02 9.829584512303747301e-01 2.000000000000000042e-02 2.000000000000000042e-02
2.000000000000000042e-02 9.829584512303747301e-01 2.000000000000000042e-02 2.000000000000000042e-02
2.000000000000000042e-02 9.829584512303747301e-01 2.000000000000000042e-02 2.000000000000000042e-02
2.000000000000000042e-02 9.829584512303747301e-01 2.000000000000000042e-02 2.000000000000000042e-02
2.000000000000000042e-02 9.829584512303747301e-01 2.000000000000000042e-02 2.000000000000000042e-02
2.000000000000000042e-02 9.829584512303747301e-01 2.000000000000000042e-02 2.000000000000000042e-02
2.000000000000000042e-02 9.829584512303747301e-01 2.000000000000000042e-02 2.000000000000000042e-02
2.000000000000000042e-02 8.759630677603330584e-01 2.000000000000000042e-02 2.000000000000000042e-02
2.000000000000000042e-02 7.689676842902914977e-01 2.000000000000000042e-02 2.000000000000000042e-02
2.000000000000000042e-02 6.619723008202498260e-01 2.000000000000000042e-02 2.000000000000000042e-02
2.000000000000000042e-02 5.549769173502081543e-01 2.000000000000000042e-02 2.000000000000000042e-02
2.000000000000000042e-02 4.479815338801665936e-01 2.000000000000000042e-02 2.000000000000000042e-02
2.000000000000000042e-02 3.409861504101249219e-01 2.000000000000000042e-02 2.000000000000000042e-02
2.000000000000000042e-02 2.339907669400833612e-01 2.000000000000000042e-02 2.000000000000000042e-02
2.000000000000000042e-02 1.269953834700416895e-01 2.000000000000000042e-02 2.000000000000000042e-02
2.000000000000000042e-02 2.000000000000000042e-02 2.000000000000000042e-02 2.000000000000000042e-02
2.000000000000000042e-02 2.000000000000000042e-02 2.000000000000000042e-02 2.000000000000000042e-02
8.716193785825682161e-02 2.000000000000000042e-02 2.000000000000000042e-02 2.000000000000000042e-02
1.543238757165136255e-01 2.000000000000000042e-02 2.000000000000000042e-02 2.000000000000000042e-02
2.214858135747704571e-01 2.000000000000000042e-02 2.000000000000000042e-02 2.000000000000000042e-02
2.886477514330272887e-01 2.000000000000000042e-02 2.000000000000000042e-02 2.000000000000000042e-02
3.558096892912840925e-01 2.000000000000000042e-02 2.000000000000000042e-02 2.000000000000000042e-02
4.229716271495409519e-01 2.000000000000000042e-02 2.000000000000000042e-02 2.000000000000000042e-02
4.901335650077977557e-01 2.000000000000000042e-02 2.000000000000000042e-02 2.000000000000000042e-02
5.572955028660545596e-01 2.000000000000000042e-02 2.000000000000000042e-02 2.000000000000000042e-02
6.244574407243114189e-01 2.000000000000000042e-02 2.000000000000000042e-02 2.000000000000000042e-02
6.916193785825681672e-01 2.000000000000000042e-02 2.000000000000000042e-02 2.000000000000000042e-02
7.587813164408250266e-01 2.000000000000000042e-02 2.000000000000000042e-02 2.000000000000000042e-02
8.259432542990818860e-01 2.000000000000000042e-02 2.000000000000000042e-02 2.000000000000000042e-02
8.931051921573386343e-01 2.000000000000000042e-02 2.000000000000000042e-02 2.000000000000000042e-02
9.602671300155953826e-01 2.000000000000000042e-02 2.000000000000000042e-02 2.000000000000000042e-02
9.602671300155953826e-01 2.000000000000000042e-02 2.000000000000000042e-02 2.000000000000000042e-02
9.602671300155953826e-01 2.000000000000000042e-02 2.000000000000000042e-02 2.000000000000000042e-02
9.602671300155953826e-01 2.000000000000000042e-02 2.000000000000000042e-02 2.000000000000000042e-02
9.602671300155953826e-01 2.000000000000000042e-02 2.000000000000000042e-02 2.000000000000000042e-02
9.602671300155953826e-01 2.000000000000000042e-02 2.000000000000000042e-02 2.000000000000000042e-02
9.602671300155953826e-01 2.000000000000000042e-02 2.000000000000000042e-02 2.000000000000000042e-02
9.602671300155953826e-01 2.000000000000000042e-02 2.000000000000000042e-02 2.000000000000000042e-02
9.602671300155953826e-01 2.000000000000000042e-02 2.000000000000000042e-02 2.000000000000000042e-02
9.602671300155953826e-01 2.000000000000000042e-02 2.000000000000000042e-02 2.000000000000000042e-02
9.602671300155953826e-01 2.000000000000000042e-02 2.000000000000000042e-02 2.000000000000000042e-02
9.602671300155953826e-01 2.000000000000000042e-02 2.000000000000000042e-02 2.000000000000000042e-02
9.602671300155953826e-01 2.000000000000000042e-02 2.000000000000000042e-02 2.000000000000000042e-02
9.602671300155953826e-01 2.000000000000000042e-02 2.000000000000000042e-02 2.000000000000000042e-02
9.602671300155953826e-01 2.000000000000000042e-02 2.000000000000000042e-02 2.000000000000000042e-02
9.602671300155953826e-01 2.000000000000000042e-02 2.000000000000000042e-02 2.000000000000000042e-02
9.602671300155953826e-01 2.000000000000000042e-02 2.000000000000000042e-02 2.000000000000000042e-02
9.602671300155953826e-01 2.000000000000000042e-02 2.000000000000000042e-02 2.000000000000000042e-02
9.602671300155953826e-01 2.000000000000000042e-02 2.000000000000000042e-02 2.000000000000000042e-02
9.602671300155953826e-01 2.000000000000000042e-02 2.000000000000000042e-02 2.000000000000000042e-02
9.602671300155953826e-01 2.000000000000000042e-02 2.000000000000000042e-02 2.000000000000000042e-02
9.602671300155953826e-01 2.000000000000000042e-02 2.000000000000000042e-02 2.000000000000000042e-02
9.602671300155953826e-01 2.000000000000000042e-02 2.000000000000000042e-02 2.000000000000000042e-02
9.602671300155953826e-01 2.000000000000000042e-02 2.000000000000000042e-02 2.000000000000000042e-02
9.602671300155953826e-01 2.000000000000000042e-02 2.000000000000000042e-02 2.000000000000000042e-02
9.602671300155953826e-01 2.000000000000000042e-02 2.000000000000000042e-02 2.000000000000000042e-02
9.602671300155953826e-01 2.000000000000000042e-02 2.000000000000000042e-02 2.000000000000000042e-02
8.557930044583069717e-01 2.000000000000000042e-02 2.000000000000000042e-02 2.000000000000000042e-02
7.513188789010186719e-01 2.000000000000000042e-02 2.000000000000000042e-02 2.000000000000000042e-02
6.468447533437302610e-01 2.000000000000000042e-02 2.000000000000000042e-02 2.000000000000000042e-02
5.423706277864419611e-01 2.000000000000000042e-02 2.000000000000000042e-02 2.000000000000000042e-02
4.378965022291535503e-01 2.000000000000000042e-02 2.000000000000000042e-02 2.000000000000000042e-02
3.334223766718651394e-01 2.000000000000000042e-02 2.000000000000000042e-02 2.000000000000000042e-02
2.289482511145768395e-01 2.000000000000000042e-02 2.000000000000000042e-02 2.000000000000000042e-02
1.244741255572884286e-01 2.000000000000000042e-02 2.000000000000000042e-02 2.000000000000000042e-02
2.000000000000000042e-02 2.000000000000000042e-02 2.000000000000000042e-02 2.000000000000000042e-02
2.000000000000000042e-02 2.000000000000000042e-02 2.000000000000000042e-02 2.000000000000000042e-02
2.000000000000000042e-02 2.000000000000000042e-02 2.000000000000000042e-02 8.738233286335030103e-02
2.000000000000000042e-02 2.000000000000000042e-02 2.000000000000000042e-02 1.547646657267005843e-01
2.000000000000000042e-02 2.000000000000000042e-02 2.000000000000000042e-02 2.221469985900508815e-01
2.000000000000000042e-02 2.000000000000000042e-02 2.000000000000000042e-02 2.895293314534012064e-01
2.000000000000000042e-02 2.000000000000000042e-02 2.000000000000000042e-02 3.569116643167514757e-01
2.000000000000000042e-02 2.000000000000000042e-02 2.000000000000000042e-02 4.242939971801018006e-01
2.000000000000000042e-02 2.000000000000000042e-02 2.000000000000000042e-02 4.916763300434521256e-01
2.000000000000000042e-02 2.000000000000000042e-02 2.000000000000000042e-02 5.590586629068023949e-01
2.000000000000000042e-02 2.000000000000000042e-02 2.000000000000000042e-02 6.264409957701526643e-01
2.000000000000000042e-02 2.000000000000000042e-02 2.000000000000000042e-02 6.938233286335029337e-01
2.000000000000000042e-02 2.000000000000000042e-02 2.000000000000000042e-02 7.612056614968533141e-01
2.000000000000000042e-02 2.000000000000000042e-02 2.000000000000000042e-02 8.285879943602035835e-01
2.000000000000000042e-02 2.000000000000000042e-02 2.000000000000000042e-02 8.959703272235538529e-01
2.000000000000000042e-02 2.000000000000000042e-02 2.000000000000000042e-02 9.633526600869041223e-01
2.000000000000000042e-02 2.000000000000000042e-02 2.000000000000000042e-02 9.633526600869041223e-01
2.000000000000000042e-02 2.000000000000000042e-02 2.000000000000000042e-02 9.633526600869041223e-01
2.000000000000000042e-02 2.000000000000000042e-02 2.000000000000000042e-02 9.633526600869041223e-01
2.000000000000000042e-02 2.000000000000000042e-02 2.000000000000000042e-02 9.633526600869041223e-01
2.000000000000000042e-02 2.000000000000000042e-02 2.000000000000000042e-02 9.633526600869041223e-01
2.000000000000000042e-02 2.000000000000000042e-02 2.000000000000000042e-02 9.633526600869041223e-01
2.000000000000000042e-02 2.000000000000000042e-02 2.000000000000000042e-02 9.633526600869041223e-01
2.000000000000000042e-02 2.000000000000000042e-02 2.000000000000000042e-02 9.633526600869041223e-01
2.000000000000000042e-02 2.000000000000000042e-02 2.000000000000000042e-02 9.633526600869041223e-01
2.000000000000000042e-02 2.000000000000000042e-02 2.000000000000000042e-02 9.633526600869041223e-01
2.000000000000000042e-02 2.000000000000000042e-02 2.000000000000000042e-02 9.633526600869041223e-01
2.000000000000000042e-02 2.000000000000000042e-02 2.000000000000000042e-02 9.633526600869041223e-01
2.000000000000000042e-02 2.000000000000000042e-02 2.000000000000000042e-02 9.633526600869041223e-01
2.000000000000000042e-02 2.000000000000000042e-02 2.000000000000000042e-02 9.633526600869041223e-01
2.000000000000000042e-02 2.000000000000000042e-02 2.000000000000000042e-02 9.633526600869041223e-01
2.000000000000000042e-02 2.000000000000000042e-02 2.000000000000000042e-02 9.633526600869041223e-01
2.000000000000000042e-02 2.000000000000000042e-02 2.000000000000000042e-02 9.633526600869041223e-01
2.000000000000000042e-02 2.000000000000000042e-02 2.000000000000000042e-02 9.633526600869041223e-01
2.000000000000000042e-02 2.000000000000000042e-02 2.000000000000000042e-02 9.633526600869041223e-01
2.000000000000000042e-02 2.000000000000000042e-02 2.000000000000000042e-02 9.633526600869041223e-01
2.000000000000000042e-02 2.000000000000000042e-02 2.000000000000000042e-02 9.633526600869041223e-01
2.000000000000000042e-02 2.000000000000000042e-02 2.000000000000000042e-02 9.633526600869041223e-01
2.000000000000000042e-02 2.000000000000000042e-02 2.000000000000000042e-02 9.633526600869041223e-01
2.000000000000000042e-02 2.000000000000000042e-02 2.000000000000000042e-02 9.633526600869041223e-01
2.000000000000000042e-02 2.000000000000000042e-02 2.000000000000000042e-02 9.633526600869041223e-01
2.000000000000000042e-02 2.000000000000000042e-02 2.000000000000000042e-02 9.633526600869041223e-01
2.000000000000000042e-02 2.000000000000000042e-02 2.000000000000000042e-02 8.585356978550259255e-01
2.000000000000000042e-02 2.000000000000000042e-02 2.000000000000000042e-02 7.537187356231476176e-01
2.000000000000000042e-02 2.000000000000000042e-02 2.000000000000000042e-02 6.489017733912694208e-01
2.000000000000000042e-02 2.000000000000000042e-02 2.000000000000000042e-02 5.440848111593912240e-01
2.000000000000000042e-02 2.000000000000000042e-02 2.000000000000000042e-02 4.392678489275129161e-01
2.000000000000000042e-02 2.000000000000000042e-02 2.000000000000000042e-02 3.344508866956347193e-01
2.000000000000000042e-02 2.000000000000000042e-02 2.000000000000000042e-02 2.296339244637564114e-01
2.000000000000000042e-02 2.000000000000000042e-02 2.000000000000000042e-02 1.248169622318782146e-01
2.000000000000000042e-02 2.000000000000000042e-02 2.000000000000000042e-02 2.000000000000000042e-02
2.000000000000000042e-02 2.000000000000000042e-02 2.000000000000000042e-02 2.000000000000000042e-02
2.000000000000000042e-02 8.871380544620907638e-02 2.000000000000000042e-02 2.000000000000000042e-02
2.000000000000000042e-02 1.574276108924181350e-01 2.000000000000000042e-02 2.000000000000000042e-02
2.000000000000000042e-02 2.261414163386271936e-01 2.000000000000000042e-02 2.000000000000000042e-02
2.000000000000000042e-02 2.948552217848363077e-01 2.000000000000000042e-02 2.000000000000000042e-02
2.000000000000000042e-02 3.635690272310453941e-01 2.000000000000000042e-02 2.000000000000000042e-02
2.000000000000000042e-02 4.322828326772544250e-01 2.000000000000000042e-02 2.000000000000000042e-02
2.000000000000000042e-02 5.009966381234635113e-01 2.000000000000000042e-02 2.000000000000000042e-02
2.000000000000000042e-02 5.697104435696725977e-01 2.000000000000000042e-02 2.000000000000000042e-02
2.000000000000000042e-02 6.384242490158816841e-01 2.000000000000000042e-02 2.000000000000000042e-02
2.000000000000000042e-02 7.071380544620907704e-01 2.000000000000000042e-02 2.000000000000000042e-02
2.000000000000000042e-02 7.758518599082998568e-01 2.000000000000000042e-02 2.000000000000000042e-02
2.000000000000000042e-02 8.445656653545088322e-01 2.000000000000000042e-02 2.000000000000000042e-02
2.000000000000000042e-02 9.132794708007179185e-01 2.000000000000000042e-02 2.000000000000000042e-02
2.000000000000000042e-02 9.819932762469271159e-01 2.000000000000000042e-02 2.000000000000000042e-02
2.000000000000000042e-02 9.819932762469271159e-01 2.000000000000000042e-02 2.000000000000000042e-02
2.000000000000000042e-02 9.819932762469271159e-01 2.000000000000000042e-02 2.000000000000000042e-02
2.000000000000000042e-02 9.819932762469271159e-01 2.000000000000000042e-02 2.000000000000000042e-02
2.000000000000000042e-02 9.819932762469271159e-01 2.000000000000000042e-02 2.000000000000000042e-02
2.000000000000000042e-02 9.819932762469271159e-01 2.000000000000000042e-02 2.000000000000000042e-02
2.000000000000000042e-02 9.819932762469271159e-01 2.000000000000000042e-02 2.000000000000000042e-02
2.000000000000000042e-02 9.819932762469271159e-01 2.000000000000000042e-02 2.000000000000000042e-02
2.000000000000000042e-02 9.819932762469271159e-01 2.000000000000000042e-02 2.000000000000000042e-02
2.000000000000000042e-02 9.819932762469271159e-01 2.000000000000000042e-02 2.000000000000000042e-02
2.000000000000000042e-02 9.819932762469271159e-01 2.000000000000000042e-02 2.000000000000000042e-02
2.000000000000000042e-02 9.819932762469271159e-01 2.000000000000000042e-02 2.000000000000000042e-02
2.000000000000000042e-02 9.819932762469271159e-01 2.000000000000000042e-02 2.000000000000000042e-02
2.000000000000000042e-02 9.819932762469271159e-01 2.000000000000000042e-02 2.000000000000000042e-02
2.000000000000000042e-02 9.819932762469271159e-01 2.000000000000000042e-02 2.000000000000000042e-02
2.000000000000000042e-02 9.819932762469271159e-01 2.000000000000000042e-02 2.000000000000000042e-02
2.000000000000000042e-02 9.819932762469271159e-01 2.000000000000000042e-02 2.000000000000000042e-02
2.000000000000000042e-02 9.819932762469271159e-01 2.000000000000000042e-02 2.000000000000000042e-02
2.000000000000000042e-02 9.819932762469271159e-01 2.000000000000000042e-02 2.000000000000000042e-02
2.000000000000000042e-02 9.819932762469271159e-01 2.000000000000000042e-02 2.000000000000000042e-02
2.000000000000000042e-02 9.819932762469271159e-01 2.000000000000000042e-02 2.000000000000000042e-02
2.000000000000000042e-02 9.819932762469271159e-01 2.000000000000000042e-02 2.000000000000000042e-02
2.000000000000000042e-02 9.819932762469271159e-01 2.000000000000000042e-02 2.000000000000000042e-02
2.000000000000000042e-02 9.819932762469271159e-01 2.000000000000000042e-02 2.000000000000000042e-02
2.000000000000000042e-02 9.819932762469271159e-01 2.000000000000000042e-02 2.000000000000000042e-02
2.000000000000000042e-02 9.819932762469271159e-01 2.000000000000000042e-02 2.000000000000000042e-02
2.000000000000000042e-02 9.819932762469271159e-01 2.000000000000000042e-02 2.000000000000000042e-02
2.000000000000000042e-02 8.751051344417130062e-01 2.000000000000000042e-02 2.000000000000000042e-02
2.000000000000000042e-02 7.682169926364988966e-01 2.000000000000000042e-02 2.000000000000000042e-02
2.000000000000000042e-02 6.613288508312846758e-01 2.000000000000000042e-02 2.000000000000000042e-02
2.000000000000000042e-02 5.544407090260705662e-01 2.000000000000000042e-02 2.000000000000000042e-02
2.000000000000000042e-02 4.475525672208564565e-01 2.000000000000000042e-02 2.000000000000000042e-02
2.000000000000000042e-02 3.406644254156423468e-01 2.000000000000000042e-02 2.000000000000000042e-02
2.000000000000000042e-02 2.337762836104282371e-01 2.000000000000000042e-02 2.000000000000000042e-02
2.000000000000000042e-02 1.268881418052141274e-01 2.000000000000000042e-02 2.000000000000000042e-02
2.000000000000000042e-02 2.000000000000000042e-02 2.000000000000000042e-02 2.000000000000000042e-02
2.000000000000000042e-02 2.000000000000000042e-02 2.000000000000000042e-02 2.000000000000000042e-02
2.000000000000000042e-02 2.000000000000000042e-02 8.892420389453087326e-02 2.000000000000000042e-02
2.000000000000000042e-02 2.000000000000000042e-02 1.578484077890617288e-01 2.000000000000000042e-02
2.000000000000000042e-02 2.000000000000000042e-02 2.267726116835926120e-01 2.000000000000000042e-02
2.000000000000000042e-02 2.000000000000000042e-02 2.956968155781234953e-01 2.000000000000000042e-02
2.000000000000000042e-02 2.000000000000000042e-02 3.646210194726543508e-01 2.000000000000000042e-02
2.000000000000000042e-02 2.000000000000000042e-02 4.335452233671852618e-01 2.000000000000000042e-02
2.000000000000000042e-02 2.000000000000000042e-02 5.024694272617160618e-01 2.000000000000000042e-02
2.000000000000000042e-02 2.000000000000000042e-02 5.713936311562469728e-01 2.000000000000000042e-02
2.000000000000000042e-02 2.000000000000000042e-02 6.403178350507778838e-01 2.000000000000000042e-02
2.000000000000000042e-02 2.000000000000000042e-02 7.092420389453086838e-01 2.000000000000000042e-02
2.000000000000000042e-02 2.000000000000000042e-02 7.781662428398395948e-01 2.000000000000000042e-02
2.000000000000000042e-02 2.000000000000000042e-02 8.470904467343705058e-01 2.000000000000000042e-02
2.000000000000000042e-02 2.000000000000000042e-02 9.160146506289013058e-01 2.000000000000000042e-02
2.000000000000000042e-02 2.000000000000000042e-02 9.849388545234321057e-01 2.000000000000000042e-02
2.000000000000000042e-02 2.000000000000000042e-02 9.849388545234321057e-01 2.000000000000000042e-02
2.000000000000000042e-02 2.000000000000000042e-02 9.849388545234321057e-01 2.000000000000000042e-02
2.000000000000000042e-02 2.000000000000000042e-02 9.849388545234321057e-01 2.000000000000000042e-02
2.000000000000000042e-02 2.000000000000000042e-02 9.849388545234321057e-01 2.000000000000000042e-02
2.000000000000000042e-02 2.000000000000000042e-02 9.849388545234321057e-01 2.000000000000000042e-02
2.000000000000000042e-02 2.000000000000000042e-02 9.849388545234321057e-01 2.000000000000000042e-02
2.000000000000000042e-02 2.000000000000000042e-02 9.849388545234321057e-01 2.000000000000000042e-02
2.000000000000000042e-02 2.000000000000000042e-02 9.849388545234321057e-01 2.000000000000000042e-02
2.000000000000000042e-02 2.000000000000000042e-02 9.849388545234321057e-01 2.000000000000000042e-02
2.000000000000000042e-02 2.000000000000000042e-02 9.849388545234321057e-01 2.000000000000000042e-02
2.000000000000000042e-02 2.000000000000000042e-02 9.849388545234321057e-01 2.000000000000000042e-02
2.000000000000000042e-02 2.000000000000000042e-02 9.849388545234321057e-01 2.000000000000000042e-02
2.000000000000000042e-02 2.000000000000000042e-02 9.849388545234321057e-01 2.000000000000000042e-02
2.000000000000000042e-02 2.000000000000000042e-02 9.849388545234321057e-01 2.000000000000000042e-02
2.000000000000000042e-02 2.000000000000000042e-02 9.849388545234321057e-01 2.000000000000000042e-02
2.000000000000000042e-02 2.000000000000000042e-02 9.849388545234321057e-01 2.000000000000000042e-02
2.000000000000000042e-02 2.000000000000000042e-02 9.849388545234321057e-01 2.000000000000000042e-02
2.000000000000000042e-02 2.000000000000000042e-02 9.849388545234321057e-01 2.000000000000000042e-02
2.000000000000000042e-02 2.000000000000000042e-02 9.849388545234321057e-01 2.000000000000000042e-02
2.000000000000000042e-02 2.000000000000000042e-02 9.849388545234321057e-01 2.000000000000000042e-02
2.000000000000000042e-02 2.000000000000000042e-02 9.849388545234321057e-01 2.000000000000000042e-02
2.000000000000000042e-02 2.000000000000000042e-02 9.849388545234321057e-01 2.000000000000000042e-02
2.000000000000000042e-02 2.000000000000000042e-02 9.849388545234321057e-01 2.000000000000000042e-02
2.000000000000000042e-02 2.000000000000000042e-02 9.849388545234321057e-01 2.000000000000000042e-02
2.000000000000000042e-02 2.000000000000000042e-02 9.849388545234321057e-01 2.000000000000000042e-02
2.000000000000000042e-02 2.000000000000000042e-02 9.849388545234321057e-01 2.000000000000000042e-02
2.000000000000000042e-02 2.000000000000000042e-02 8.777234262430507750e-01 2.000000000000000042e-02
2.000000000000000042e-02 2.000000000000000042e-02 7.705079979626694442e-01 2.000000000000000042e-02
2.000000000000000042e-02 2.000000000000000042e-02 6.632925696822880024e-01 2.000000000000000042e-02
2.000000000000000042e-02 2.000000000000000042e-02 5.560771414019067826e-01 2.000000000000000042e-02
2.000000000000000042e-02 2.000000000000000042e-02 4.488617131215253409e-01 2.000000000000000042e-02
2.000000000000000042e-02 2.000000000000000042e-02 3.416462848411440101e-01 2.000000000000000042e-02
2.000000000000000042e-02 2.000000000000000042e-02 2.344308565607626793e-01 2.000000000000000042e-02
2.000000000000000042e-02 2.000000000000000042e-02 1.272154282803813485e-01 2.000000000000000042e-02
2.000000000000000042e-02 2.000000000000000042e-02 2.000000000000000042e-02 2.000000000000000042e-02
2.000000000000000042e-02 2.000000000000000042e-02 2.000000000000000042e-02 2.000000000000000042e-02
2.000000000000000042e-02 8.731518888651979005e-02 2.000000000000000042e-02 2.000000000000000042e-02
2.000000000000000042e-02 1.546303777730395623e-01 2.000000000000000042e-02 2.000000000000000042e-02
2.000000000000000042e-02 2.219455666595593624e-01 2.000000000000000042e-02 2.000000000000000042e-02
2.000000000000000042e-02 2.892607555460791624e-01 2.000000000000000042e-02 2.000000000000000042e-02
2.000000000000000042e-02 3.565759444325989347e-01 2.000000000000000042e-02 2.000000000000000042e-02
2.000000000000000042e-02 4.238911333191187625e-01 2.000000000000000042e-02 2.000000000000000042e-02
2.000000000000000042e-02 4.912063222056385348e-01 2.000000000000000042e-02 2.000000000000000042e-02
2.000000000000000042e-02 5.585215110921583070e-01 2.000000000000000042e-02 2.000000000000000042e-02
2.000000000000000042e-02 6.258366999786780793e-01 2.000000000000000042e-02 2.000000000000000042e-02
2.000000000000000042e-02 6.931518888651978516e-01 2.000000000000000042e-02 2.000000000000000042e-02
2.000000000000000042e-02 7.604670777517176239e-01 2.000000000000000042e-02 2.000000000000000042e-02
2.000000000000000042e-02 8.277822666382375072e-01 2.000000000000000042e-02 2.000000000000000042e-02
2.000000000000000042e-02 8.950974555247572795e-01 2.000000000000000042e-02 2.000000000000000042e-02
2.000000000000000042e-02 9.624126444112770518e-01 2.000000000000000042e-02 2.000000000000000042e-02
2.000000000000000042e-02 9.624126444112770518e-01 2.000000000000000042e-02 2.000000000000000042e-02
2.000000000000000042e-02 9.624126444112770518e-01 2.000000000000000042e-02 2.000000000000000042e-02
2.000000000000000042e-02 9.624126444112770518e-01 2.000000000000000042e-02 2.000000000000000042e-02
2.000000000000000042e-02 9.624126444112770518e-01 2.000000000000000042e-02 2.000000000000000042e-02
2.000000000000000042e-02 9.624126444112770518e-01 2.000000000000000042e-02 2.000000000000000042e-02
2.000000000000000042e-02 9.624126444112770518e-01 2.000000000000000042e-02 2.000000000000000042e-02
2.000000000000000042e-02 9.624126444112770518e-01 2.000000000000000042e-02 2.000000000000000042e-02
2.000000000000000042e-02 9.624126444112770518e-01 2.000000000000000042e-02 2.000000000000000042e-02
2.000000000000000042e-02 9.624126444112770518e-01 2.000000000000000042e-02 2.000000000000000042e-02
2.000000000000000042e-02 9.624126444112770518e-01 2.000000000000000042e-02 2.000000000000000042e-02
2.000000000000000042e-02 9.624126444112770518e-01 2.000000000000000042e-02 2.000000000000000042e-02
2.000000000000000042e-02 9.624126444112770518e-01 2.000000000000000042e-02 2.000000000000000042e-02
2.000000000000000042e-02 9.624126444112770518e-01 2.000000000000000042e-02 2.000000000000000042e-02
2.000000000000000042e-02 9.624126444112770518e-01 2.000000000000000042e-02 2.000000000000000042e-02
2.000000000000000042e-02 9.624126444112770518e-01 2.000000000000000042e-02 2.000000000000000042e-02
2.000000000000000042e-02 9.624126444112770518e-01 2.000000000000000042e-02 2.000000000000000042e-02
2.000000000000000042e-02 9.624126444112770518e-01 2.000000000000000042e-02 2.000000000000000042e-02
2.000000000000000042e-02 9.624126444112770518e-01 2.000000000000000042e-02 2.000000000000000042e-02
2.000000000000000042e-02 9.624126444112770518e-01 2.000000000000000042e-02 2.000000000000000042e-02
2.000000000000000042e-02 9.624126444112770518e-01 2.000000000000000042e-02 2.000000000000000042e-02
2.000000000000000042e-02 9.624126444112770518e-01 2.000000000000000042e-02 2.000000000000000042e-02
2.000000000000000042e-02 9.624126444112770518e-01 2.000000000000000042e-02 2.000000000000000042e-02
2.000000000000000042e-02 9.624126444112770518e-01 2.000000000000000042e-02 2.000000000000000042e-02
2.000000000000000042e-02 9.624126444112770518e-01 2.000000000000000042e-02 2.000000000000000042e-02
2.000000000000000042e-02 9.624126444112770518e-01 2.000000000000000042e-02 2.000000000000000042e-02
2.000000000000000042e-02 9.624126444112770518e-01 2.000000000000000042e-02 2.000000000000000042e-02
2.000000000000000042e-02 8.577001283655796282e-01 2.000000000000000042e-02 2.000000000000000042e-02
2.000000000000000042e-02 7.529876123198822047e-01 2.000000000000000042e-02 2.000000000000000042e-02
2.000000000000000042e-02 6.482750962741846701e-01 2.000000000000000042e-02 2.000000000000000042e-02
2.000000000000000042e-02 5.435625802284872465e-01 2.000000000000000042e-02 2.000000000000000042e-02
2.000000000000000042e-02 4.388500641827898230e-01 2.000000000000000042e-02 2.000000000000000042e-02
2.000000000000000042e-02 3.341375481370922884e-01 2.000000000000000042e-02 2.000000000000000042e-02
2.000000000000000042e-02 2.294250320913948649e-01 2.000000000000000042e-02 2.000000000000000042e-02
2.000000000000000042e-02 1.247125160456974413e-01 2.000000000000000042e-02 2.000000000000000042e-02
2.000000000000000042e-02 2.000000000000000042e-02 2.000000000000000042e-02 2.000000000000000042e-02
2.000000000000000042e-02 2.000000000000000042e-02 2.000000000000000042e-02 2.000000000000000042e-02
2.000000000000000042e-02 2.000000000000000042e-02 8.911180746665489649e-02 2.000000000000000042e-02
2.000000000000000042e-02 2.000000000000000042e-02 1.582236149333097752e-01 2.000000000000000042e-02
2.000000000000000042e-02 2.000000000000000042e-02 2.273354223999646540e-01 2.000000000000000042e-02
2.000000000000000042e-02 2.000000000000000042e-02 2.964472298666195882e-01 2.000000000000000042e-02
2.000000000000000042e-02 2.000000000000000042e-02 3.655590373332744947e-01 2.000000000000000042e-02
2.000000000000000042e-02 2.000000000000000042e-02 4.346708447999293456e-01 2.000000000000000042e-02
2.000000000000000042e-02 2.000000000000000042e-02 5.037826522665842521e-01 2.000000000000000042e-02
2.000000000000000042e-02 2.000000000000000042e-02 5.728944597332391586e-01 2.000000000000000042e-02
2.000000000000000042e-02 2.000000000000000042e-02 6.420062671998940651e-01 2.000000000000000042e-02
2.000000000000000042e-02 2.000000000000000042e-02 7.111180746665489716e-01 2.000000000000000042e-02
2.000000000000000042e-02 2.000000000000000042e-02 7.802298821332038781e-01 2.000000000000000042e-02
2.000000000000000042e-02 2.000000000000000042e-02 8.493416895998586735e-01 2.000000000000000042e-02
2.000000000000000042e-02 2.000000000000000042e-02 9.184534970665135800e-01 2.000000000000000042e-02
2.000000000000000042e-02 2.000000000000000042e-02 9.875653045331684865e-01 2.000000000000000042e-02
2.000000000000000042e-02 2.000000000000000042e-02 9.875653045331684865e-01 2.000000000000000042e-02
2.000000000000000042e-02 2.000000000000000042e-02 9.875653045331684865e-01 2.000000000000000042e-02
2.000000000000000042e-02 2.000000000000000042e-02 9.875653045331684865e-01 2.000000000000000042e-02
2.000000000000000042e-02 2.000000000000000042e-02 9.875653045331684865e-01 2.000000000000000042e-02
2.000000000000000042e-02 2.000000000000000042e-02 9.875653045331684865e-01 2.000000000000000042e-02
2.000000000000000042e-02 2.000000000000000042e-02 9.875653045331684865e-01 2.000000000000000042e-02
2.000000000000000042e-02 2.000000000000000042e-02 9.875653045331684865e-01 2.000000000000000042e-02
2.000000000000000042e-02 2.000000000000000042e-02 9.875653045331684865e-01 2.000000000000000042e-02
2.000000000000000042e-02 2.000000000000000042e-02 9.875653045331684865e-01 2.000000000000000042e-02
2.000000000000000042e-02 2.000000000000000042e-02 9.875653045331684865e-01 2.000000000000000042e-02
2.000000000000000042e-02 2.000000000000000042e-02 9.875653045331684865e-01 2.000000000000000042e-02
2.000000000000000042e-02 2.000000000000000042e-02 9.875653045331684865e-01 2.000000000000000042e-02
2.000000000000000042e-02 2.000000000000000042e-02 9.875653045331684865e-01 2.000000000000000042e-02
2.000000000000000042e-02 2.000000000000000042e-02 9.875653045331684865e-01 2.000000000000000042e-02
2.000000000000000042e-02 2.000000000000000042e-02 9.875653045331684865e-01 2.000000000000000042e-02
2.000000000000000042e-02 2.000000000000000042e-02 9.875653045331684865e-01 2.000000000000000042e-02
2.000000000000000042e-02 2.000000000000000042e-02 9.875653045331684865e-01 2.000000000000000042e-02
2.000000000000000042e-02 2.000000000000000042e-02 9.875653045331684865e-01 2.000000000000000042e-02
2.000000000000000042e-02 2.000000000000000042e-02 9.875653045331684865e-01 2.000000000000000042e-02
2.000000000000000042e-02 2.000000000000000042e-02 9.875653045331684865e-01 2.000000000000000042e-02
2.000000000000000042e-02 2.000000000000000042e-02 9.875653045331684865e-01 2.000000000000000042e-02
2.000000000000000042e-02 2.000000000000000042e-02 9.875653045331684865e-01 2.000000000000000042e-02
2.000000000000000042e-02 2.000000000000000042e-02 9.875653045331684865e-01 2.000000000000000042e-02
2.000000000000000042e-02 2.000000000000000042e-02 9.875653045331684865e-01 2.000000000000000042e-02
2.000000000000000042e-02 2.000000000000000042e-02 9.875653045331684865e-01 2.000000000000000042e-02
2.000000000000000042e-02 2.000000000000000042e-02 9.875653045331684865e-01 2.000000000000000042e-02
2.000000000000000042e-02 2.000000000000000042e-02 8.800580484739275455e-01 2.000000000000000042e-02
2.000000000000000042e-02 2.000000000000000042e-02 7.725507924146866046e-01 2.000000000000000042e-02
2.000000000000000042e-02 2.000000000000000042e-02 6.650435363554456636e-01 2.000000000000000042e-02
2.000000000000000042e-02 2.000000000000000042e-02 5.575362802962047226e-01 2.000000000000000042e-02
2.000000000000000042e-02 2.000000000000000042e-02 4.500290242369637816e-01 2.000000000000000042e-02
2.000000000000000042e-02 2.000000000000000042e-02 3.425217681777228407e-01 2.000000000000000042e-02
2.000000000000000042e-02 2.000000000000000042e-02 2.350145121184818997e-01 2.000000000000000042e-02
2.000000000000000042e-02 2.000000000000000042e-02 1.275072560592409587e-01 2.000000000000000042e-02
2.000000000000000042e-02 2.000000000000000042e-02 2.000000000000000042e-02 2.000000000000000042e-02
2.000000000000000042e-02 2.000000000000000042e-02 2.000000000000000042e-02 2.000000000000000042e-02
8.845798405710061929e-02 2.000000000000000042e-02 2.000000000000000042e-02 2.000000000000000042e-02
1.569159681142012208e-01 2.000000000000000042e-02 2.000000000000000042e-02 2.000000000000000042e-02
2.253739521713018223e-01 2.000000000000000042e-02 2.000000000000000042e-02 2.000000000000000042e-02
2.938319362284024794e-01 2.000000000000000042e-02 2.000000000000000042e-02 2.000000000000000042e-02
3.622899202855031087e-01 2.000000000000000042e-02 2.000000000000000042e-02 2.000000000000000042e-02
4.307479043426036824e-01 2.000000000000000042e-02 2.000000000000000042e-02 2.000000000000000042e-02
4.992058883997043117e-01 2.000000000000000042e-02 2.000000000000000042e-02 2.000000000000000042e-02
5.676638724568049410e-01 2.000000000000000042e-02 2.000000000000000042e-02 2.000000000000000042e-02
6.361218565139055148e-01 2.000000000000000042e-02 2.000000000000000042e-02 2.000000000000000042e-02
7.045798405710061996e-01 2.000000000000000042e-02 2.000000000000000042e-02 2.000000000000000042e-02
7.730378246281067733e-01 2.000000000000000042e-02 2.000000000000000042e-02 2.000000000000000042e-02
8.414958086852073471e-01 2.000000000000000042e-02 2.000000000000000042e-02 2.000000000000000042e-02
9.099537927423080319e-01 2.000000000000000042e-02 2.000000000000000042e-02 2.000000000000000042e-02
9.784117767994087167e-01 2.000000000000000042e-02 2.000000000000000042e-02 2.000000000000000042e-02
9.784117767994087167e-01 2.000000000000000042e-02 2.000000000000000042e-02 2.000000000000000042e-02
9.784117767994087167e-01 2.000000000000000042e-02 2.000000000000000042e-02 2.000000000000000042e-02
9.784117767994087167e-01 2.000000000000000042e-02 2.000000000000000042e-02 2.000000000000000042e-02
9.784117767994087167e-01 2.000000000000000042e-02 2.000000000000000042e-02 2.000000000000000042e-02
9.784117767994087167e-01 2.000000000000000042e-02 2.000000000000000042e-02 2.000000000000000042e-02
9.784117767994087167e-01 2.000000000000000042e-02 2.000000000000000042e-02 2.000000000000000042e-02
9.784117767994087167e-01 2.000000000000000042e-02 2.000000000000000042e-02 2.000000000000000042e-02
9.784117767994087167e-01 2.000000000000000042e-02 2.000000000000000042e-02 2.000000000000000042e-02
9.784117767994087167e-01 2.000000000000000042e-02 2.000000000000000042e-02 2.000000000000000042e-02
9.784117767994087167e-01 2.000000000000000042e-02 2.000000000000000042e-02 2.000000000000000042e-02
9.784117767994087167e-01 2.000000000000000042e-02 2.000000000000000042e-02 2.000000000000000042e-02
9.784117767994087167e-01 2.000000000000000042e-02 2.000000000000000042e-02 2.000000000000000042e-02
9.784117767994087167e-01 2.000000000000000042e-02 2.000000000000000042e-02 2.000000000000000042e-02
9.784117767994087167e-01 2.000000000000000042e-02 2.000000000000000042e-02 2.000000000000000042e-02
9.784117767994087167e-01 2.000000000000000042e-02 2.000000000000000042e-02 2.000000000000000042e-02
9.784117767994087167e-01 2.000000000000000042e-02 2.000000000000000042e-02 2.000000000000000042e-02
9.784117767994087167e-01 2.000000000000000042e-02 2.000000000000000042e-02 2.000000000000000042e-02
9.784117767994087167e-01 2.000000000000000042e-02 2.000000000000000042e-02 2.000000000000000042e-02
9.784117767994087167e-01 2.000000000000000042e-02 2.000000000000000042e-02 2.000000000000000042e-02
9.784117767994087167e-01 2.000000000000000042e-02 2.000000000000000042e-02 2.000000000000000042e-02
9.784117767994087167e-01 2.000000000000000042e-02 2.000000000000000042e-02 2.000000000000000042e-02
9.784117767994087167e-01 2.000000000000000042e-02 2.000000000000000042e-02 2.000000000000000042e-02
9.784117767994087167e-01 2.000000000000000042e-02 2.000000000000000042e-02 2.000000000000000042e-02
9.784117767994087167e-01 2.000000000000000042e-02 2.000000000000000042e-02 2.000000000000000042e-02
9.784117767994087167e-01 2.000000000000000042e-02 2.000000000000000042e-02 2.000000000000000042e-02
9.784117767994087167e-01 2.000000000000000042e-02 2.000000000000000042e-02 2.000000000000000042e-02
8.719215793772522316e-01 2.000000000000000042e-02 2.000000000000000042e-02 2.000000000000000042e-02
7.654313819550956355e-01 2.000000000000000042e-02 2.000000000000000042e-02 2.000000000000000042e-02
6.589411845329391504e-01 2.000000000000000042e-02 2.000000000000000042e-02 2.000000000000000042e-02
5.524509871107825543e-01 2.000000000000000042e-02 2.000000000000000042e-02 2.000000000000000042e-02
4.459607896886260692e-01 2.000000000000000042e-02 2.000000000000000042e-02 2.000000000000000042e-02
3.394705922664695841e-01 2.000000000000000042e-02 2.000000000000000042e-02 2.000000000000000042e-02
2.329803948443129880e-01 2.000000000000000042e-02 2.000000000000000042e-02 2.000000000000000042e-02
1.264901974221565029e-01 2.000000000000000042e-02 2.000000000000000042e-02 2.000000000000000042e-02
2.000000000000000042e-02 2.000000000000000042e-02 2.000000000000000042e-02 2.000000000000000042e-02
2.000000000000000042e-02 2.000000000000000042e-02 2.000000000000000042e-02 2.000000000000000042e-02
2.000000000000000042e-02 2.000000000000000042e-02 2.000000000000000042e-02 8.717406225956376986e-02
2.000000000000000042e-02 2.000000000000000042e-02 2.000000000000000042e-02 1.543481245191275220e-01
2.000000000000000042e-02 2.000000000000000042e-02 2.000000000000000042e-02 2.215221867786912879e-01
2.000000000000000042e-02 2.000000000000000042e-02 2.000000000000000042e-02 2.886962490382550817e-01
2.000000000000000042e-02 2.000000000000000042e-02 2.000000000000000042e-02 3.558703112978188754e-01
2.000000000000000042e-02 2.000000000000000042e-02 2.000000000000000042e-02 4.230443735573826136e-01
2.000000000000000042e-02 2.000000000000000042e-02 2.000000000000000042e-02 4.902184358169463518e-01
2.000000000000000042e-02 2.000000000000000042e-02 2.000000000000000042e-02 5.573924980765101456e-01
2.000000000000000042e-02 2.000000000000000042e-02 2.000000000000000042e-02 6.245665603360739393e-01
2.000000000000000042e-02 2.000000000000000042e-02 2.000000000000000042e-02 6.917406225956377330e-01
2.000000000000000042e-02 2.000000000000000042e-02 2.000000000000000042e-02 7.589146848552014157e-01
2.000000000000000042e-02 2.000000000000000042e-02 2.000000000000000042e-02 8.260887471147652095e-01
2.000000000000000042e-02 2.000000000000000042e-02 2.000000000000000042e-02 8.932628093743290032e-01
2.000000000000000042e-02 2.000000000000000042e-02 2.000000000000000042e-02 9.604368716338926859e-01
2.000000000000000042e-02 2.000000000000000042e-02 2.000000000000000042e-02 9.604368716338926859e-01
2.000000000000000042e-02 2.000000000000000042e-02 2.000000000000000042e-02 9.604368716338926859e-01
2.000000000000000042e-02 2.000000000000000042e-02 2.000000000000000042e-02 9.604368716338926859e-01
2.000000000000000042e-02 2.000000000000000042e-02 2.000000000000000042e-02 9.604368716338926859e-01
2.000000000000000042e-02 2.000000000000000042e-02 2.000000000000000042e-02 9.604368716338926859e-01
2.000000000000000042e-02 2.000000000000000042e-02 2.000000000000000042e-02 9.604368716338926859e-01
2.000000000000000042e-02 2.000000000000000042e-02 2.000000000000000042e-02 9.604368716338926859e-01
2.000000000000000042e-02 2.000000000000000042e-02 2.000000000000000042e-02 9.604368716338926859e-01
2.000000000000000042e-02 2.000000000000000042e-02 2.000000000000000042e-02 9.604368716338926859e-01
2.000000000000000042e-02 2.000000000000000042e-02 2.000000000000000042e-02 9.604368716338926859e-01
2.000000000000000042e-02 2.000000000000000042e-02 2.000000000000000042e-02 9.604368716338926859e-01
2.000000000000000042e-02 2.000000000000000042e-02 2.000000000000000042e-02 9.604368716338926859e-01
2.000000000000000042e-02 2.000000000000000042e-02 2.000000000000000042e-02 9.604368716338926859e-01
2.000000000000000042e-02 2.000000000000000042e-02 2.000000000000000042e-02 9.604368716338926859e-01
2.000000000000000042e-02 2.000000000000000042e-02 2.000000000000000042e-02 9.604368716338926859e-01
2.000000000000000042e-02 2.000000000000000042e-02 2.000000000000000042e-02 9.604368716338926859e-01
2.000000000000000042e-02 2.000000000000000042e-02 2.000000000000000042e-02 9.604368716338926859e-01
2.000000000000000042e-02 2.000000000000000042e-02 2.000000000000000042e-02 9.604368716338926859e-01
2.000000000000000042e-02 2.000000000000000042e-02 2.000000000000000042e-02 9.604368716338926859e-01
2.000000000000000042e-02 2.000000000000000042e-02 2.000000000000000042e-02 9.604368716338926859e-01
2.000000000000000042e-02 2.000000000000000042e-02 2.000000000000000042e-02 9.604368716338926859e-01
2.000000000000000042e-02 2.000000000000000042e-02 2.000000000000000042e-02 9.604368716338926859e-01
2.000000000000000042e-02 2.000000000000000042e-02 2.000000000000000042e-02 9.604368716338926859e-01
2.000000000000000042e-02 2.000000000000000042e-02 2.000000000000000042e-02 9.604368716338926859e-01
2.000000000000000042e-02 2.000000000000000042e-02 2.000000000000000042e-02 9.604368716338926859e-01
2.000000000000000042e-02 2.000000000000000042e-02 2.000000000000000042e-02 9.604368716338926859e-01
2.000000000000000042e-02 2.000000000000000042e-02 2.000000000000000042e-02 8.559438858967934882e-01
2.000000000000000042e-02 2.000000000000000042e-02 2.000000000000000042e-02 7.514509001596942905e-01
2.000000000000000042e-02 2.000000000000000042e-02 2.000000000000000042e-02 6.469579144225952039e-01
2.000000000000000042e-02 2.000000000000000042e-02 2.000000000000000042e-02 5.424649286854958952e-01
2.000000000000000042e-02 2.000000000000000042e-02 2.000000000000000042e-02 4.379719429483968085e-01
2.000000000000000042e-02 2.000000000000000042e-02 2.000000000000000042e-02 3.334789572112976108e-01
2.000000000000000042e-02 2.000000000000000042e-02 2.000000000000000042e-02 2.289859714741984131e-01
2.000000000000000042e-02 2.000000000000000042e-02 2.000000000000000042e-02 1.244929857370992154e-01
2.000000000000000042e-02 2.000000000000000042e-02 2.000000000000000042e-02 2.000000000000000042e-02
