1.832888573408126831e-01 3.453615009784698486e-01 2.657726109027862549e-01 2.055770754814147949e-01
1.832888573408126831e-01 3.453615009784698486e-01 2.657726109027862549e-01 2.055770754814147949e-01
1.832888573408126831e-01 3.453615009784698486e-01 2.657726109027862549e-01 2.055770754814147949e-01
1.832888573408126831e-01 3.453615009784698486e-01 2.657726109027862549e-01 2.055770754814147949e-01
1.832888573408126831e-01 3.453615009784698486e-01 2.657726109027862549e-01 2.055770754814147949e-01
1.832888573408126831e-01 3.453615009784698486e-01 2.657726109027862549e-01 2.055770754814147949e-01
1.832888573408126831e-01 3.453615009784698486e-01 2.657726109027862549e-01 2.055770754814147949e-01
1.832888573408126831e-01 3.453615009784698486e-01 2.657726109027862549e-01 2.055770754814147949e-01
1.832888573408126831e-01 3.453615009784698486e-01 2.657726109027862549e-01 2.055770754814147949e-01
1.832888573408126831e-01 3.453615009784698486e-01 2.657726109027862549e-01 2.055770754814147949e-01
1.832888573408126831e-01 3.453615009784698486e-01 2.657726109027862549e-01 2.055770754814147949e-01
1.832888573408126831e-01 3.453615009784698486e-01 2.657726109027862549e-01 2.055770754814147949e-01
1.832888573408126831e-01 3.453615009784698486e-01 2.657726109027862549e-01 2.055770754814147949e-01
1.832888573408126831e-01 3.453615009784698486e-01 2.657726109027862549e-01 2.055770754814147949e-01
1.832888573408126831e-01 3.453615009784698486e-01 2.657726109027862549e-01 2.055770754814147949e-01
1.832888573408126831e-01 3.453615009784698486e-01 2.657726109027862549e-01 2.055770754814147949e-01
1.832888573408126831e-01 3.453615009784698486e-01 2.657726109027862549e-01 2.055770754814147949e-01
1.832888573408126831e-01 3.453615009784698486e-01 2.657726109027862549e-01 2.055770754814147949e-01
1.832888573408126831e-01 3.453615009784698486e-01 2.657726109027862549e-01 2.055770754814147949e-01
1.832888573408126831e-01 3.453615009784698486e-01 2.657726109027862549e-01 2.055770754814147949e-01
1.832888573408126831e-01 3.453615009784698486e-01 2.657726109027862549e-01 2.055770754814147949e-01
1.832888573408126831e-01 3.453615009784698486e-01 2.657726109027862549e-01 2.055770754814147949e-01
1.832888573408126831e-01 3.453615009784698486e-01 2.657726109027862549e-01 2.055770754814147949e-01
1.832888573408126831e-01 3.453615009784698486e-01 2.657726109027862549e-01 2.055770754814147949e-01
1.832888573408126831e-01 3.453615009784698486e-01 2.657726109027862549e-01 2.055770754814147949e-01
1.832888573408126831e-01 3.453615009784698486e-01 2.657726109027862549e-01 2.055770754814147949e-01
1.832888573408126831e-01 3.453615009784698486e-01 2.657726109027862549e-01 2.055770754814147949e-01
1.832888573408126831e-01 3.453615009784698486e-01 2.657726109027862549e-01 2.055770754814147949e-01
1.832888573408126831e-01 3.453615009784698486e-01 2.657726109027862549e-01 2.055770754814147949e-01
1.832888573408126831e-01 3.453615009784698486e-01 2.657726109027862549e-01 2.055770754814147949e-01
1.832888573408126831e-01 3.453615009784698486e-01 2.657726109027862549e-01 2.055770754814147949e-01
1.886416375637054443e-01 3.346835076808929443e-01 2.693295478820800781e-01 2.073453664779663086e-01
1.976305246353149414e-01 3.173013627529144287e-01 2.750034928321838379e-01 2.100646644830703735e-01
2.067389488220214844e-01 3.003762960433959961e-01 2.803778350353240967e-01 2.125069499015808105e-01
2.159448713064193726e-01 2.839577496051788330e-01 2.854347229003906250e-01 2.146625965833663940e-01
2.252267450094223022e-01 2.680883705615997314e-01 2.901601195335388184e-01 2.165247350931167603e-01
2.345637679100036621e-01 2.528033852577209473e-01 2.945432364940643311e-01 2.180895805358886719e-01
2.439360022544860840e-01 2.381303906440734863e-01 2.985774874687194824e-01 2.193561196327209473e-01
2.533249258995056152e-01 2.240898162126541138e-01 3.022593855857849121e-01 2.203258723020553589e-01
2.627130746841430664e-01 2.106949239969253540e-01 3.055890798568725586e-01 2.210029214620590210e-01
2.720846235752105713e-01 1.979523003101348877e-01 3.085694909095764160e-01 2.213935852050781250e-01
2.741560041904449463e-01 2.039852142333984375e-01 3.049446344375610352e-01 2.169141918420791626e-01
2.671289741992950439e-01 2.327581346035003662e-01 2.933837771415710449e-01 2.067291885614395142e-01
2.588433623313903809e-01 2.644678354263305664e-01 2.807439863681793213e-01 1.959448158740997314e-01
2.493138164281845093e-01 2.989765405654907227e-01 2.670789062976837158e-01 1.846307218074798584e-01
2.386051118373870850e-01 3.360143601894378662e-01 2.524928748607635498e-01 1.728875935077667236e-01
2.268364280462265015e-01 3.751759231090545654e-01 2.371423244476318359e-01 1.608453243970870972e-01
2.141787409782409668e-01 4.159331619739532471e-01 2.212300896644592285e-01 1.486580222845077515e-01
2.008476555347442627e-01 4.576611816883087158e-01 2.049955129623413086e-01 1.364956498146057129e-01
1.870896369218826294e-01 4.996785223484039307e-01 1.886989921331405640e-01 1.245328485965728760e-01
1.731655001640319824e-01 5.412939786911010742e-01 1.726035326719284058e-01 1.129370331764221191e-01
1.640176624059677124e-01 5.681239366531372070e-01 1.622605919837951660e-01 1.055977568030357361e-01
1.641124784946441650e-01 5.676308274269104004e-01 1.624850034713745117e-01 1.057716682553291321e-01
1.642071753740310669e-01 5.671375393867492676e-01 1.627095639705657959e-01 1.059457883238792419e-01
1.643017828464508057e-01 5.666437745094299316e-01 1.629343479871749878e-01 1.061201170086860657e-01
1.643962413072586060e-01 5.661498904228210449e-01 1.631592512130737305e-01 1.062946394085884094e-01
1.644906401634216309e-01 5.656556487083435059e-01 1.633843928575515747e-01 1.064693629741668701e-01
1.645848900079727173e-01 5.651611685752868652e-01 1.636096835136413574e-01 1.066442951560020447e-01
1.646790504455566406e-01 5.646664500236511230e-01 1.638350784778594971e-01 1.068194061517715454e-01
1.647730916738510132e-01 5.641714334487915039e-01 1.640607267618179321e-01 1.069947704672813416e-01
1.648670434951782227e-01 5.636762380599975586e-01 1.642864495515823364e-01 1.071702912449836731e-01
1.722714602947235107e-01 5.514736175537109375e-01 1.689045131206512451e-01 1.073504090309143066e-01
2.108301073312759399e-01 4.920627474784851074e-01 1.904982030391693115e-01 1.066090017557144165e-01
2.536532282829284668e-01 4.308068156242370605e-01 2.113205343484878540e-01 1.042194962501525879e-01
2.994920611381530762e-01 3.700771927833557129e-01 2.302311956882476807e-01 1.001994982361793518e-01
3.467795252799987793e-01 3.122309446334838867e-01 2.462422251701354980e-01 9.474737197160720825e-02
3.938817381858825684e-01 2.592273652553558350e-01 2.586851119995117188e-01 8.820582181215286255e-02
4.393497109413146973e-01 2.123667299747467041e-01 2.672913968563079834e-01 8.099216967821121216e-02
4.820902943611145020e-01 1.722159683704376221e-01 2.721714973449707031e-01 7.352221757173538208e-02
5.214257836341857910e-01 1.387031078338623047e-01 2.737196087837219238e-01 6.615151464939117432e-02
5.570591688156127930e-01 1.113056614995002747e-01 2.724908590316772461e-01 5.914430692791938782e-02
5.844504833221435547e-01 9.217773377895355225e-02 2.697688341140747070e-01 5.360289663076400757e-02
5.510964989662170410e-01 1.146691739559173584e-01 2.737843692302703857e-01 6.044998764991760254e-02
5.140873193740844727e-01 1.424704939126968384e-01 2.755549550056457520e-01 6.788725405931472778e-02
4.735173583030700684e-01 1.762816756963729858e-01 2.744586169719696045e-01 7.574243098497390747e-02
4.297876954078674316e-01 2.165340781211853027e-01 2.699339985847473145e-01 8.374426513910293579e-02
3.836774826049804688e-01 2.631998658180236816e-01 2.615945041179656982e-01 9.152809530496597290e-02
3.363556563854217529e-01 3.156272172927856445e-01 2.493497133255004883e-01 9.866744279861450195e-02
2.892966568470001221e-01 3.724753856658935547e-01 2.334934771060943604e-01 1.047345027327537537e-01
2.440957874059677124e-01 4.318125545978546143e-01 2.147153168916702271e-01 1.093763634562492371e-01
2.022237926721572876e-01 4.913807809352874756e-01 1.940117776393890381e-01 1.123836487531661987e-01
1.647990792989730835e-01 5.489571690559387207e-01 1.725177466869354248e-01 1.137259900569915771e-01
1.629000753164291382e-01 5.516249537467956543e-01 1.715518385171890259e-01 1.139231473207473755e-01
1.630570292472839355e-01 5.509714484214782715e-01 1.718699783086776733e-01 1.141015589237213135e-01
1.632137894630432129e-01 5.503176450729370117e-01 1.721885055303573608e-01 1.142801046371459961e-01
1.633705645799636841e-01 5.496633648872375488e-01 1.725073605775833130e-01 1.144586876034736633e-01
1.635271310806274414e-01 5.490089058876037598e-01 1.728265434503555298e-01 1.146374046802520752e-01
1.636836677789688110e-01 5.483540892601013184e-01 1.731459796428680420e-01 1.148162409663200378e-01
1.638399958610534668e-01 5.476990342140197754e-01 1.734657883644104004e-01 1.149951815605163574e-01
1.639962494373321533e-01 5.470436215400695801e-01 1.737858951091766357e-01 1.151742488145828247e-01
1.641523540019989014e-01 5.463878512382507324e-01 1.741064041852951050e-01 1.153534129261970520e-01
1.643083542585372925e-01 5.457319021224975586e-01 1.744271516799926758e-01 1.155325993895530701e-01
1.642171293497085571e-01 5.453952550888061523e-01 1.746468096971511841e-01 1.157408431172370911e-01
1.640674471855163574e-01 5.451337099075317383e-01 1.748426705598831177e-01 1.159562394022941589e-01
1.639177501201629639e-01 5.448718070983886719e-01 1.750384867191314697e-01 1.161719262599945068e-01
1.637680530548095703e-01 5.446094870567321777e-01 1.752345114946365356e-01 1.163879409432411194e-01
1.636183261871337891e-01 5.443468689918518066e-01 1.754305362701416016e-01 1.166043356060981750e-01
1.634685248136520386e-01 5.440837740898132324e-01 1.756266802549362183e-01 1.168209686875343323e-01
1.633187383413314819e-01 5.438202023506164551e-01 1.758229881525039673e-01 1.170380339026451111e-01
1.631689667701721191e-01 5.435562729835510254e-01 1.760193556547164917e-01 1.172554343938827515e-01
1.630191504955291748e-01 5.432919859886169434e-01 1.762158274650573730e-01 1.174730733036994934e-01
1.628692448139190674e-01 5.430273413658142090e-01 1.764123737812042236e-01 1.176911070942878723e-01
1.628863215446472168e-01 5.424750447273254395e-01 1.767147928476333618e-01 1.179238632321357727e-01
1.629830002784729004e-01 5.417850017547607422e-01 1.770682632923126221e-01 1.181637644767761230e-01
1.630794256925582886e-01 5.410945415496826172e-01 1.774221509695053101e-01 1.184039413928985596e-01
1.631755232810974121e-01 5.404037833213806152e-01 1.777762919664382935e-01 1.186444163322448730e-01
1.632714271545410156e-01 5.397124886512756348e-01 1.781308948993682861e-01 1.188851669430732727e-01
1.633669883012771606e-01 5.390208959579467773e-01 1.784859150648117065e-01 1.191262081265449524e-01
1.634623259305953979e-01 5.383288860321044922e-01 1.788413077592849731e-01 1.193675026297569275e-01
1.635573506355285645e-01 5.376364588737487793e-01 1.791970282793045044e-01 1.196091398596763611e-01
1.636520922183990479e-01 5.369436144828796387e-01 1.795531958341598511e-01 1.198510304093360901e-01
1.637465953826904297e-01 5.362504720687866211e-01 1.799097508192062378e-01 1.200931817293167114e-01
1.638500690460205078e-01 5.355188250541687012e-01 1.802793592214584351e-01 1.203517243266105652e-01
1.639609485864639282e-01 5.347548723220825195e-01 1.806600391864776611e-01 1.206241920590400696e-01
1.640714704990386963e-01 5.339903831481933594e-01 1.810411363840103149e-01 1.208970025181770325e-01
1.641817241907119751e-01 5.332255959510803223e-01 1.814226508140563965e-01 1.211701333522796631e-01
1.642915904521942139e-01 5.324602723121643066e-01 1.818045228719711304e-01 1.214437112212181091e-01
1.644011735916137695e-01 5.316944718360900879e-01 1.821868419647216797e-01 1.217175498604774475e-01
1.645104140043258667e-01 5.309281945228576660e-01 1.825695484876632690e-01 1.219918429851531982e-01
1.646193265914916992e-01 5.301616191864013672e-01 1.829526424407958984e-01 1.222664490342140198e-01
1.647279262542724609e-01 5.293946266174316406e-01 1.833360493183135986e-01 1.225414574146270752e-01
1.648361235857009888e-01 5.286272168159484863e-01 1.837199181318283081e-01 1.228167414665222168e-01
1.647929847240447998e-01 5.281363725662231445e-01 1.839863955974578857e-01 1.230842471122741699e-01
1.645339429378509521e-01 5.280409455299377441e-01 1.840845793485641479e-01 1.233405694365501404e-01
1.642752438783645630e-01 5.279448628425598145e-01 1.841826289892196655e-01 1.235972344875335693e-01
1.640166640281677246e-01 5.278483629226684570e-01 1.842806041240692139e-01 1.238543987274169922e-01
1.637583374977111816e-01 5.277512669563293457e-01 1.843784451484680176e-01 1.241120025515556335e-01
1.635001897811889648e-01 5.276535749435424805e-01 1.844761520624160767e-01 1.243701204657554626e-01
1.632422357797622681e-01 5.275552272796630859e-01 1.845738142728805542e-01 1.246286854147911072e-01
1.629846692085266113e-01 5.274564027786254883e-01 1.846713274717330933e-01 1.248876526951789856e-01
1.627271473407745361e-01 5.273569226264953613e-01 1.847687959671020508e-01 1.251471340656280518e-01
1.624699383974075317e-01 5.272570252418518066e-01 1.848660856485366821e-01 1.254069954156875610e-01
1.642267405986785889e-01 5.202609300613403320e-01 1.876590549945831299e-01 1.278533339500427246e-01
1.711260974407196045e-01 4.953222870826721191e-01 1.974566280841827393e-01 1.360949128866195679e-01
1.779072284698486328e-01 4.702447056770324707e-01 2.072914838790893555e-01 1.445565968751907349e-01
1.845198720693588257e-01 4.451752603054046631e-01 2.171037048101425171e-01 1.532011926174163818e-01
1.909154653549194336e-01 4.202628731727600098e-01 2.268330156803131104e-01 1.619886755943298340e-01
1.970482468605041504e-01 3.956537842750549316e-01 2.364203631877899170e-01 1.708775907754898071e-01
2.028765976428985596e-01 3.714884817600250244e-01 2.458093762397766113e-01 1.798255741596221924e-01
2.083639502525329590e-01 3.478974699974060059e-01 2.549478411674499512e-01 1.887908279895782471e-01
2.134792506694793701e-01 3.249991536140441895e-01 2.637887597084045410e-01 1.977327316999435425e-01
2.181981056928634644e-01 3.028972148895263672e-01 2.722914814949035645e-01 2.066131979227066040e-01
2.213922590017318726e-01 2.854426801204681396e-01 2.791266441345214844e-01 2.140384614467620850e-01
2.179774045944213867e-01 2.902427911758422852e-01 2.782611846923828125e-01 2.135186344385147095e-01
2.145826965570449829e-01 2.950896918773651123e-01 2.773584127426147461e-01 2.129691541194915771e-01
2.112089246511459351e-01 2.999819517135620117e-01 2.764187455177307129e-01 2.123904377222061157e-01
2.078569829463958740e-01 3.049175441265106201e-01 2.754425704479217529e-01 2.117829322814941406e-01
2.045278102159500122e-01 3.098947703838348389e-01 2.744303643703460693e-01 2.111471146345138550e-01
2.012222409248352051e-01 3.149118721485137939e-01 2.733824551105499268e-01 2.104834169149398804e-01
1.979412436485290527e-01 3.199666142463684082e-01 2.722996473312377930e-01 2.097925245761871338e-01
1.946856230497360229e-01 3.250572383403778076e-01 2.711822986602783203e-01 2.090748697519302368e-01
1.914562880992889404e-01 3.301813900470733643e-01 2.700311243534088135e-01 2.083312273025512695e-01
1.882948577404022217e-01 3.352792561054229736e-01 2.688587605953216553e-01 2.075671255588531494e-01
1.878847032785415649e-01 3.365224897861480713e-01 2.684637904167175293e-01 2.071290463209152222e-01
1.874741166830062866e-01 3.377677500247955322e-01 2.680676877498626709e-01 2.066904902458190918e-01
1.870630979537963867e-01 3.390152454376220703e-01 2.676701843738555908e-01 2.062515020370483398e-01
1.866517364978790283e-01 3.402647674083709717e-01 2.672714889049530029e-01 2.058120071887969971e-01
1.862400174140930176e-01 3.415165543556213379e-01 2.668714523315429688e-01 2.053720653057098389e-01
1.858279109001159668e-01 3.427703082561492920e-01 2.664701640605926514e-01 2.049316763877868652e-01
1.854154169559478760e-01 3.440261781215667725e-01 2.660676240921020508e-01 2.044907510280609131e-01
1.850025951862335205e-01 3.452841043472290039e-01 2.656638026237487793e-01 2.040494680404663086e-01
1.845894008874893188e-01 3.465441465377807617e-01 2.652588188648223877e-01 2.036077380180358887e-01
1.841758340597152710e-01 3.478060662746429443e-01 2.648524940013885498e-01 2.031655460596084595e-01
2.160493433475494385e-01 3.051200509071350098e-01 2.850629091262817383e-01 1.937676817178726196e-01
2.548798322677612305e-01 2.590192556381225586e-01 3.051024079322814941e-01 1.809985190629959106e-01
2.955450117588043213e-01 2.167326062917709351e-01 3.211852908134460449e-01 1.665371507406234741e-01
3.369479179382324219e-01 1.791261136531829834e-01 3.327953815460205078e-01 1.511305868625640869e-01
3.780512511730194092e-01 1.466035395860671997e-01 3.398299515247344971e-01 1.355152577161788940e-01
4.179806709289550781e-01 1.191484183073043823e-01 3.425476849079132080e-01 1.203231811523437500e-01
4.560783505439758301e-01 9.642840921878814697e-02 3.414654433727264404e-01 1.060277745127677917e-01
4.919083714485168457e-01 7.791848480701446533e-02 3.372408449649810791e-01 9.293232113122940063e-02
5.252301096916198730e-01 6.301173567771911621e-02 3.305704593658447266e-01 8.118776977062225342e-02
5.559573769569396973e-01 5.110082775354385376e-02 3.221157491207122803e-01 7.082608342170715332e-02
5.409268736839294434e-01 5.672444030642509460e-02 3.265008330345153809e-01 7.584784924983978271e-02
5.089054703712463379e-01 7.007182389497756958e-02 3.341028392314910889e-01 8.691992610692977905e-02
4.743095934391021729e-01 8.672070503234863281e-02 3.395922482013702393e-01 9.937745332717895508e-02
4.372960329055786133e-01 1.072877198457717896e-01 3.422824740409851074e-01 1.131338030099868774e-01
3.981984555721282959e-01 1.323519200086593628e-01 3.414847850799560547e-01 1.279648095369338989e-01
3.575631082057952881e-01 1.623573005199432373e-01 3.365981876850128174e-01 1.434813588857650757e-01
3.161613047122955322e-01 1.974922567605972290e-01 3.272219896316528320e-01 1.591244190931320190e-01
2.749621570110321045e-01 2.375699132680892944e-01 3.132708370685577393e-01 1.741970479488372803e-01
2.350524961948394775e-01 2.819504439830780029e-01 2.950569391250610352e-01 1.879401057958602905e-01
1.975111365318298340e-01 3.295444846153259277e-01 2.733022868633270264e-01 1.996420919895172119e-01
1.839888095855712891e-01 3.482790291309356689e-01 2.642684578895568848e-01 2.034637629985809326e-01
1.839941889047622681e-01 3.482483923435211182e-01 2.642787098884582520e-01 2.034787237644195557e-01
1.839995831251144409e-01 3.482177853584289551e-01 2.642889916896820068e-01 2.034935951232910156e-01
1.840050518512725830e-01 3.481872081756591797e-01 2.642992138862609863e-01 2.035085409879684448e-01
1.840104460716247559e-01 3.481566011905670166e-01 2.643095254898071289e-01 2.035234570503234863e-01
1.840158849954605103e-01 3.481260240077972412e-01 2.643197774887084961e-01 2.035383880138397217e-01
1.840212494134902954e-01 3.480953574180603027e-01 2.643300592899322510e-01 2.035533040761947632e-01
1.840266734361648560e-01 3.480648100376129150e-01 2.643403112888336182e-01 2.035682350397109985e-01
1.840320974588394165e-01 3.480341434478759766e-01 2.643506228923797607e-01 2.035832107067108154e-01
1.840375065803527832e-01 3.480035364627838135e-01 2.643608748912811279e-01 2.035980522632598877e-01
1.840483993291854858e-01 3.479872941970825195e-01 2.643657326698303223e-01 2.035986185073852539e-01
1.840649396181106567e-01 3.479862511157989502e-01 2.643649578094482422e-01 2.035838514566421509e-01
1.840815097093582153e-01 3.479852080345153809e-01 2.643641233444213867e-01 2.035690844058990479e-01
1.840981096029281616e-01 3.479841947555541992e-01 2.643633782863616943e-01 2.035543471574783325e-01
1.841147541999816895e-01 3.479831218719482422e-01 2.643625438213348389e-01 2.035395801067352295e-01
1.841313838958740234e-01 3.479820787906646729e-01 2.643617689609527588e-01 2.035248279571533203e-01
1.841479688882827759e-01 3.479811251163482666e-01 2.643609344959259033e-01 2.035100907087326050e-01
1.841645538806915283e-01 3.479800224304199219e-01 2.643601298332214355e-01 2.034952938556671143e-01
1.841811537742614746e-01 3.479790389537811279e-01 2.643593251705169678e-01 2.034805417060852051e-01
1.841977238655090332e-01 3.479778766632080078e-01 2.643584907054901123e-01 2.034658342599868774e-01
1.842008531093597412e-01 3.480035364627838135e-01 2.643416225910186768e-01 2.034540027379989624e-01
1.841793060302734375e-01 3.480780720710754395e-01 2.642951309680938721e-01 2.034474909305572510e-01
1.841576844453811646e-01 3.481526970863342285e-01 2.642486989498138428e-01 2.034409642219543457e-01
1.841361373662948608e-01 3.482271730899810791e-01 2.642021775245666504e-01 2.034345120191574097e-01
1.841145902872085571e-01 3.483017683029174805e-01 2.641557157039642334e-01 2.034280300140380859e-01
1.840929836034774780e-01 3.483763337135314941e-01 2.641092240810394287e-01 2.034214586019515991e-01
1.840713918209075928e-01 3.484508693218231201e-01 2.640627622604370117e-01 2.034149914979934692e-01
1.840497553348541260e-01 3.485254943370819092e-01 2.640163004398345947e-01 2.034084498882293701e-01
1.840281635522842407e-01 3.486001193523406982e-01 2.639698386192321777e-01 2.034019231796264648e-01
1.840065866708755493e-01 3.486746847629547119e-01 2.639233469963073730e-01 2.033953815698623657e-01
1.839866638183593750e-01 3.487323820590972900e-01 2.638853788375854492e-01 2.033955752849578857e-01
1.839727312326431274e-01 3.487300872802734375e-01 2.638777196407318115e-01 2.034194618463516235e-01
1.839588135480880737e-01 3.487277925014495850e-01 2.638700008392333984e-01 2.034434080123901367e-01
1.839448511600494385e-01 3.487255573272705078e-01 2.638622224330902100e-01 2.034673392772674561e-01
1.839309781789779663e-01 3.487232327461242676e-01 2.638545930385589600e-01 2.034912258386611938e-01
1.839170455932617188e-01 3.487210571765899658e-01 2.638468146324157715e-01 2.035150974988937378e-01
1.839031279087066650e-01 3.487187027931213379e-01 2.638391554355621338e-01 2.035389840602874756e-01
1.838891357183456421e-01 3.487164974212646484e-01 2.638314068317413330e-01 2.035629749298095703e-01
1.838752478361129761e-01 3.487142026424407959e-01 2.638237178325653076e-01 2.035868763923645020e-01
1.838613301515579224e-01 3.487119078636169434e-01 2.638159394264221191e-01 2.036107778549194336e-01
1.838549226522445679e-01 3.487005829811096191e-01 2.638141810894012451e-01 2.036303877830505371e-01
1.839265227317810059e-01 3.485944271087646484e-01 2.638735175132751465e-01 2.036056071519851685e-01
1.839981228113174438e-01 3.484883010387420654e-01 2.639328241348266602e-01 2.035807222127914429e-01
1.840697824954986572e-01 3.483821749687194824e-01 2.639921009540557861e-01 2.035559117794036865e-01
1.841413974761962891e-01 3.482761383056640625e-01 2.640514373779296875e-01 2.035310864448547363e-01
1.842130869626998901e-01 3.481700122356414795e-01 2.641107439994812012e-01 2.035062313079833984e-01
1.842847019433975220e-01 3.480639457702636719e-01 2.641701102256774902e-01 2.034813463687896729e-01
1.843564212322235107e-01 3.479577898979187012e-01 2.642293870449066162e-01 2.034563869237899780e-01
1.844280809164047241e-01 3.478517532348632812e-01 2.642886638641357422e-01 2.034314572811126709e-01
1.844997853040695190e-01 3.477457165718078613e-01 2.643479406833648682e-01 2.034065574407577515e-01
1.845714747905731201e-01 3.476396799087524414e-01 2.644072175025939941e-01 2.033816426992416382e-01
1.932563930749893188e-01 3.292439579963684082e-01 2.711456716060638428e-01 2.063540071249008179e-01
2.024333626031875610e-01 3.105035424232482910e-01 2.779021263122558594e-01 2.091609239578247070e-01
2.116810977458953857e-01 2.923370003700256348e-01 2.843362987041473389e-01 2.116455882787704468e-01
2.209741473197937012e-01 2.747992277145385742e-01 2.904267013072967529e-01 2.137999087572097778e-01
2.302884459495544434e-01 2.579359114170074463e-01 2.961562275886535645e-01 2.156194895505905151e-01
2.396012991666793823e-01 2.417826801538467407e-01 3.015125095844268799e-01 2.171035259962081909e-01
2.488918900489807129e-01 2.263660132884979248e-01 3.064876496791839600e-01 2.182544469833374023e-01
2.581413984298706055e-01 2.117027491331100464e-01 3.110778629779815674e-01 2.190779447555541992e-01
2.673332095146179199e-01 1.978011876344680786e-01 3.152833282947540283e-01 2.195822447538375854e-01
2.764527201652526855e-01 1.846614629030227661e-01 3.191079795360565186e-01 2.197779119014739990e-01
2.962382733821868896e-01 2.044862210750579834e-01 3.006490170955657959e-01 1.986265927553176880e-01
3.167406320571899414e-01 2.328315228223800659e-01 2.763476073741912842e-01 1.740802228450775146e-01
3.349269926548004150e-01 2.624765634536743164e-01 2.514554560184478760e-01 1.511409729719161987e-01
3.503059744834899902e-01 2.929533421993255615e-01 2.266415208578109741e-01 1.300991773605346680e-01
3.625564575195312500e-01 3.237898647785186768e-01 2.025158107280731201e-01 1.111378520727157593e-01
3.715396225452423096e-01 3.545460104942321777e-01 1.795835942029953003e-01 9.433074295520782471e-02
3.772874772548675537e-01 3.848392963409423828e-01 1.582204401493072510e-01 7.965280115604400635e-02
3.799742758274078369e-01 4.143594205379486084e-01 1.386663168668746948e-01 6.699994206428527832e-02
3.798780441284179688e-01 4.428724348545074463e-01 1.210367456078529358e-01 5.621281266212463379e-02
3.773418366909027100e-01 4.702153503894805908e-01 1.053432524204254150e-01 4.709963127970695496e-02
3.679228425025939941e-01 4.856996536254882812e-01 1.008885353803634644e-01 4.548900201916694641e-02
3.561486005783081055e-01 4.961908757686614990e-01 1.008562222123146057e-01 4.680430144071578979e-02
3.444952070713043213e-01 5.065952539443969727e-01 1.007700338959693909e-01 4.813952744007110596e-02
3.329783082008361816e-01 5.168970227241516113e-01 1.006305143237113953e-01 4.949416220188140869e-02
3.216127157211303711e-01 5.270813703536987305e-01 1.004382967948913574e-01 5.086769908666610718e-02
3.104128241539001465e-01 5.371334552764892578e-01 1.001942455768585205e-01 5.225962027907371521e-02
2.993917465209960938e-01 5.470393300056457520e-01 9.989952296018600464e-02 5.366946011781692505e-02
2.885622978210449219e-01 5.567857623100280762e-01 9.955519437789916992e-02 5.509676784276962280e-02
2.779360115528106689e-01 5.663601160049438477e-01 9.916275739669799805e-02 5.654108151793479919e-02
2.675234377384185791e-01 5.757508277893066406e-01 9.872373938560485840e-02 5.800203606486320496e-02
2.868024706840515137e-01 5.519675016403198242e-01 1.033731549978256226e-01 5.785683915019035339e-02
3.317555487155914307e-01 5.004868507385253906e-01 1.117290109395980835e-01 5.602862685918807983e-02
3.788339197635650635e-01 4.480780065059661865e-01 1.193856820464134216e-01 5.370239540934562683e-02
4.268178939819335938e-01 3.961780369281768799e-01 1.260646581649780273e-01 5.093939602375030518e-02
4.744307398796081543e-01 3.461781144142150879e-01 1.315575689077377319e-01 4.783356934785842896e-02
5.204825997352600098e-01 2.992700636386871338e-01 1.357480287551879883e-01 4.449933767318725586e-02
5.639894604682922363e-01 2.563369572162628174e-01 1.386166214942932129e-01 4.105686768889427185e-02
6.042437553405761719e-01 2.179080992937088013e-01 1.402297317981719971e-01 3.761841729283332825e-02
6.408304572105407715e-01 1.841732114553451538e-01 1.407179385423660278e-01 3.427841514348983765e-02
6.736003756523132324e-01 1.550414711236953735e-01 1.402497738599777222e-01 3.110838681459426880e-02
6.784651279449462891e-01 1.508298963308334351e-01 1.400906443595886230e-01 3.061438165605068207e-02
6.472635269165039062e-01 1.784355938434600830e-01 1.406636089086532593e-01 3.363723680377006531e-02
6.124514341354370117e-01 2.103635668754577637e-01 1.403586715459823608e-01 3.682631999254226685e-02
5.741216540336608887e-01 2.467408180236816406e-01 1.390171945095062256e-01 4.012040421366691589e-02
5.325950980186462402e-01 2.874565124511718750e-01 1.365106552839279175e-01 4.343778267502784729e-02
4.884530007839202881e-01 3.321043550968170166e-01 1.327628940343856812e-01 4.667979106307029724e-02
4.425327777862548828e-01 3.799586892127990723e-01 1.277701705694198608e-01 4.973835870623588562e-02
3.958800435066223145e-01 4.299984872341156006e-01 1.216142177581787109e-01 5.250722542405128479e-02
3.496569097042083740e-01 4.809866845607757568e-01 1.144619956612586975e-01 5.489447712898254395e-02
3.050200045108795166e-01 5.315945148468017578e-01 1.065512150526046753e-01 5.683426558971405029e-02
2.752284407615661621e-01 5.656610131263732910e-01 1.010296791791915894e-01 5.808091163635253906e-02
2.758882939815521240e-01 5.631769299507141113e-01 1.022867858409881592e-01 5.864798650145530701e-02
2.765411138534545898e-01 5.606817007064819336e-01 1.035576984286308289e-01 5.921945720911026001e-02
2.771866917610168457e-01 5.581755638122558594e-01 1.048425137996673584e-01 5.979533493518829346e-02
2.778248488903045654e-01 5.556582212448120117e-01 1.061412990093231201e-01 6.037554144859313965e-02
2.784554660320281982e-01 5.531302094459533691e-01 1.074541509151458740e-01 6.096015870571136475e-02
2.790784239768981934e-01 5.505912899971008301e-01 1.087810918688774109e-01 6.154919415712356567e-02
2.796934247016906738e-01 5.480418801307678223e-01 1.101221889257431030e-01 6.214252114295959473e-02
2.803003489971160889e-01 5.454818010330200195e-01 1.114775910973548889e-01 6.274024397134780884e-02
2.808990776538848877e-01 5.429113507270812988e-01 1.128472685813903809e-01 6.334229558706283569e-02
2.816279530525207520e-01 5.403954386711120605e-01 1.141144931316375732e-01 6.386214494705200195e-02
2.830722928047180176e-01 5.382097363471984863e-01 1.147830858826637268e-01 6.393485516309738159e-02
2.845187187194824219e-01 5.360210537910461426e-01 1.154536455869674683e-01 6.400663405656814575e-02
2.859670817852020264e-01 5.338295102119445801e-01 1.161261200904846191e-01 6.407731771469116211e-02
2.874171733856201172e-01 5.316352844238281250e-01 1.168004870414733887e-01 6.414699554443359375e-02
2.888690829277038574e-01 5.294384360313415527e-01 1.174768358469009399e-01 6.421562284231185913e-02
2.903227210044860840e-01 5.272391438484191895e-01 1.181549653410911560e-01 6.428319960832595825e-02
2.917780876159667969e-01 5.250372886657714844e-01 1.188349723815917969e-01 6.434968113899230957e-02
2.932348847389221191e-01 5.228331685066223145e-01 1.195167675614356995e-01 6.441512703895568848e-02
2.946933209896087646e-01 5.206267833709716797e-01 1.202003806829452515e-01 6.447953730821609497e-02
2.959800660610198975e-01 5.186048746109008789e-01 1.208589002490043640e-01 6.455618888139724731e-02
2.915732562541961670e-01 5.227288603782653809e-01 1.206245124340057373e-01 6.507342308759689331e-02
2.871992290019989014e-01 5.268318057060241699e-01 1.203793734312057495e-01 6.558963656425476074e-02
2.828587889671325684e-01 5.309127569198608398e-01 1.201236844062805176e-01 6.610483676195144653e-02
2.785526216030120850e-01 5.349709987640380859e-01 1.198574751615524292e-01 6.661887466907501221e-02
2.742814719676971436e-01 5.390058159828186035e-01 1.195809841156005859e-01 6.713174283504486084e-02
2.700461149215698242e-01 5.430162549018859863e-01 1.192943304777145386e-01 6.764332205057144165e-02
2.658472359180450439e-01 5.470015406608581543e-01 1.189976409077644348e-01 6.815357506275177002e-02
2.616854608058929443e-01 5.509610176086425781e-01 1.186911240220069885e-01 6.866244971752166748e-02
2.575611770153045654e-01 5.548940300941467285e-01 1.183749437332153320e-01 6.916986405849456787e-02
2.534752190113067627e-01 5.587997436523437500e-01 1.180492490530014038e-01 6.967581808567047119e-02
2.486068159341812134e-01 5.633845329284667969e-01 1.176223382353782654e-01 7.038630545139312744e-02
2.437023520469665527e-01 5.680050253868103027e-01 1.171718761324882507e-01 7.112072408199310303e-02
2.388580143451690674e-01 5.725780129432678223e-01 1.167086139321327209e-01 7.185540348291397095e-02
2.340744584798812866e-01 5.771023035049438477e-01 1.162329539656639099e-01 7.259031385183334351e-02
2.293526977300643921e-01 5.815767645835876465e-01 1.157452166080474854e-01 7.332538068294525146e-02
2.246932238340377808e-01 5.860005021095275879e-01 1.152457967400550842e-01 7.406049966812133789e-02
2.200967520475387573e-01 5.903725028038024902e-01 1.147351190447807312e-01 7.479561865329742432e-02
2.155638486146926880e-01 5.946920514106750488e-01 1.142134740948677063e-01 7.553068548440933228e-02
2.110949903726577759e-01 5.989580154418945312e-01 1.136813834309577942e-01 7.626566290855407715e-02
2.066906243562698364e-01 6.031699180603027344e-01 1.131390780210494995e-01 7.700047641992568970e-02
2.039293348789215088e-01 6.054470539093017578e-01 1.130207702517509460e-01 7.760289311408996582e-02
2.016768306493759155e-01 6.071242690086364746e-01 1.130321398377418518e-01 7.816673070192337036e-02
1.994418501853942871e-01 6.087845563888549805e-01 1.130405291914939880e-01 7.873303443193435669e-02
1.972244083881378174e-01 6.104278564453125000e-01 1.130459085106849670e-01 7.930183410644531250e-02
1.950246840715408325e-01 6.120539307594299316e-01 1.130483075976371765e-01 7.987312227487564087e-02
1.928425729274749756e-01 6.136628389358520508e-01 1.130477786064147949e-01 8.044684678316116333e-02
1.906780749559402466e-01 6.152545213699340820e-01 1.130443364381790161e-01 8.102304488420486450e-02
1.885313838720321655e-01 6.168288588523864746e-01 1.130380108952522278e-01 8.160175383090972900e-02
1.864023059606552124e-01 6.183860301971435547e-01 1.130288094282150269e-01 8.218294382095336914e-02
1.842910200357437134e-01 6.199256181716918945e-01 1.130167916417121887e-01 8.276662230491638184e-02
1.892402619123458862e-01 6.131579279899597168e-01 1.148764565587043762e-01 8.272536098957061768e-02
1.985446065664291382e-01 6.013467907905578613e-01 1.178285926580429077e-01 8.228009939193725586e-02
2.081600576639175415e-01 5.892767906188964844e-01 1.207779571413993835e-01 8.178518712520599365e-02
2.180805057287216187e-01 5.769626498222351074e-01 1.237170398235321045e-01 8.123984187841415405e-02
2.282981872558593750e-01 5.644202828407287598e-01 1.266381889581680298e-01 8.064340054988861084e-02
2.388036698102951050e-01 5.516675710678100586e-01 1.295332759618759155e-01 7.999553531408309937e-02
2.495855987071990967e-01 5.387241244316101074e-01 1.323942095041275024e-01 7.929607480764389038e-02
2.606311440467834473e-01 5.256108641624450684e-01 1.352127641439437866e-01 7.854533195495605469e-02
2.719257771968841553e-01 5.123499035835266113e-01 1.379805952310562134e-01 7.774370163679122925e-02
2.834531068801879883e-01 4.989655017852783203e-01 1.406895220279693604e-01 7.689190655946731567e-02
2.915696501731872559e-01 4.832906424999237061e-01 1.461278200149536133e-01 7.901189476251602173e-02
2.958235442638397217e-01 4.652803242206573486e-01 1.545622795820236206e-01 8.433385193347930908e-02
2.996626496315002441e-01 4.471518099308013916e-01 1.632732003927230835e-01 8.991235494613647461e-02
3.030530214309692383e-01 4.289611577987670898e-01 1.722414046525955200e-01 9.574440121650695801e-02
3.059632778167724609e-01 4.107669889926910400e-01 1.814446151256561279e-01 1.018250733613967896e-01
3.083662688732147217e-01 3.926285505294799805e-01 1.908577680587768555e-01 1.081474497914314270e-01
3.102380931377410889e-01 3.746061623096466064e-01 2.004529982805252075e-01 1.147028207778930664e-01
3.115604519844055176e-01 3.567590415477752686e-01 2.102001011371612549e-01 1.214804574847221375e-01
3.123194873332977295e-01 3.391458094120025635e-01 2.200668752193450928e-01 1.284678578376770020e-01
3.125068545341491699e-01 3.218225538730621338e-01 2.300195842981338501e-01 1.356510221958160400e-01
3.074472248554229736e-01 3.126178383827209473e-01 2.376624643802642822e-01 1.422724574804306030e-01
2.943439781665802002e-01 3.167538940906524658e-01 2.411561012268066406e-01 1.477460265159606934e-01
2.815127372741699219e-01 3.206639587879180908e-01 2.444996684789657593e-01 1.533236950635910034e-01
2.689727246761322021e-01 3.243402540683746338e-01 2.476862668991088867e-01 1.590007245540618896e-01
2.567415535449981689e-01 3.277764618396759033e-01 2.507099807262420654e-01 1.647720038890838623e-01
2.448345124721527100e-01 3.309675157070159912e-01 2.535656392574310303e-01 1.706323027610778809e-01
2.332650125026702881e-01 3.339098095893859863e-01 2.562488317489624023e-01 1.765762865543365479e-01
2.220445871353149414e-01 3.366007804870605469e-01 2.587562501430511475e-01 1.825984716415405273e-01
2.111822664737701416e-01 3.390391767024993896e-01 2.610853016376495361e-01 1.886932998895645142e-01
2.006854116916656494e-01 3.412251770496368408e-01 2.632343471050262451e-01 1.948550939559936523e-01
2.121154963970184326e-01 3.183198273181915283e-01 2.759796679019927979e-01 1.935850828886032104e-01
3.018965125083923340e-01 2.221839129924774170e-01 3.135447800159454346e-01 1.623748987913131714e-01
3.961137235164642334e-01 1.460406482219696045e-01 3.302735090255737305e-01 1.275720894336700439e-01
4.842153787612915039e-01 9.279026836156845093e-02 3.272052705287933350e-01 9.578911215066909790e-02
5.603232979774475098e-01 5.857433378696441650e-02 3.107372522354125977e-01 7.036514580249786377e-02
6.230742931365966797e-01 3.754756599664688110e-02 2.877880632877349854e-01 5.159009993076324463e-02
6.735886931419372559e-01 2.479179389774799347e-02 2.633270919322967529e-01 3.829241171479225159e-02
7.138289213180541992e-01 1.698838360607624054e-02 2.401562333106994629e-01 2.902652695775032043e-02
7.457817792892456055e-01 1.211331784725189209e-02 2.195321619510650635e-01 2.257267013192176819e-02
7.711677551269531250e-01 8.983060717582702637e-03 2.018118053674697876e-01 1.803738996386528015e-02
7.875478863716125488e-01 7.275898940861225128e-03 1.897848993539810181e-01 1.539132185280323029e-02
7.659179568290710449e-01 9.544909000396728516e-03 2.056308686733245850e-01 1.890629157423973083e-02
7.387009859085083008e-01 1.300741825252771378e-02 2.244201749563217163e-01 2.387144416570663452e-02
7.043888568878173828e-01 1.845136657357215881e-02 2.461816221475601196e-01 3.097818046808242798e-02
6.611515879631042480e-01 2.724154666066169739e-02 2.703826427459716797e-01 4.122424498200416565e-02
6.069459915161132812e-01 4.170347005128860474e-02 2.954078614711761475e-01 5.594260245561599731e-02
5.399302840232849121e-01 6.559046357870101929e-02 3.178531825542449951e-01 7.662608474493026733e-02
4.595142900943756104e-01 1.042481511831283569e-01 3.319875001907348633e-01 1.042501106858253479e-01
3.682438731193542480e-01 1.634452044963836670e-01 3.304533958435058594e-01 1.378575265407562256e-01
2.736242413520812988e-01 2.457039505243301392e-01 3.076293468475341797e-01 1.730424761772155762e-01
1.871084123849868774e-01 3.455978035926818848e-01 2.647551298141479492e-01 2.025387734174728394e-01
1.847111731767654419e-01 3.489887714385986328e-01 2.631801068782806396e-01 2.031199336051940918e-01
1.846169531345367432e-01 3.493102192878723145e-01 2.630837261676788330e-01 2.029890418052673340e-01
1.845227479934692383e-01 3.496318757534027100e-01 2.629872858524322510e-01 2.028580904006958008e-01
1.844284683465957642e-01 3.499535620212554932e-01 2.628907859325408936e-01 2.027271687984466553e-01
1.843341588973999023e-01 3.502754569053649902e-01 2.627941966056823730e-01 2.025962173938751221e-01
1.842398643493652344e-01 3.505974113941192627e-01 2.626975178718566895e-01 2.024652957916259766e-01
1.841454356908798218e-01 3.509195148944854736e-01 2.626006901264190674e-01 2.023343443870544434e-01
1.840510070323944092e-01 3.512417376041412354e-01 2.625038623809814453e-01 2.022033333778381348e-01
1.839565634727478027e-01 3.515640795230865479e-01 2.624069154262542725e-01 2.020723968744277954e-01
1.838621199131011963e-01 3.518865406513214111e-01 2.623099386692047119e-01 2.019414305686950684e-01
1.840282380580902100e-01 3.517738580703735352e-01 2.623417675495147705e-01 2.018561661243438721e-01
1.842448413372039795e-01 3.515770137310028076e-01 2.623983323574066162e-01 2.017797380685806274e-01
1.844616234302520752e-01 3.513802587985992432e-01 2.624548077583312988e-01 2.017032504081726074e-01
1.846785694360733032e-01 3.511835038661956787e-01 2.625111937522888184e-01 2.016267180442810059e-01
1.848957687616348267e-01 3.509866595268249512e-01 2.625675201416015625e-01 2.015500813722610474e-01
1.851131021976470947e-01 3.507896959781646729e-01 2.626237869262695312e-01 2.014734297990798950e-01
1.853305995464324951e-01 3.505927324295043945e-01 2.626798748970031738e-01 2.013967186212539673e-01
1.855483055114746094e-01 3.503957688808441162e-01 2.627359330654144287e-01 2.013199627399444580e-01
1.857662200927734375e-01 3.501987755298614502e-01 2.627918720245361328e-01 2.012432068586349487e-01
1.859842389822006226e-01 3.500016927719116211e-01 2.628477215766906738e-01 2.011663466691970825e-01
1.859770417213439941e-01 3.500473201274871826e-01 2.627860605716705322e-01 2.011895924806594849e-01
1.858759075403213501e-01 3.501939773559570312e-01 2.626754939556121826e-01 2.012545764446258545e-01
1.857748180627822876e-01 3.503406047821044922e-01 2.625649571418762207e-01 2.013196051120758057e-01
1.856737136840820312e-01 3.504872918128967285e-01 2.624543905258178711e-01 2.013845443725585938e-01
1.855726689100265503e-01 3.506339490413665771e-01 2.623438537120819092e-01 2.014494985342025757e-01
1.854716390371322632e-01 3.507806360721588135e-01 2.622332572937011719e-01 2.015144973993301392e-01
1.853706389665603638e-01 3.509272933006286621e-01 2.621227204799652100e-01 2.015794217586517334e-01
1.852696388959884644e-01 3.510739207267761230e-01 2.620121836662292480e-01 2.016442865133285522e-01
1.851686239242553711e-01 3.512205183506011963e-01 2.619015872478485107e-01 2.017092108726501465e-01
1.850676983594894409e-01 3.513672351837158203e-01 2.617910206317901611e-01 2.017740458250045776e-01
1.850048303604125977e-01 3.516365289688110352e-01 2.616475522518157959e-01 2.017110288143157959e-01
1.849702447652816772e-01 3.519972264766693115e-01 2.614796161651611328e-01 2.015529423952102661e-01
1.849355250597000122e-01 3.523580133914947510e-01 2.613116204738616943e-01 2.013948410749435425e-01
1.849007010459899902e-01 3.527189791202545166e-01 2.611436247825622559e-01 2.012367844581604004e-01
1.848657280206680298e-01 3.530801534652709961e-01 2.609754800796508789e-01 2.010786682367324829e-01
1.848306953907012939e-01 3.534413576126098633e-01 2.608073651790618896e-01 2.009205967187881470e-01
1.847956031560897827e-01 3.538027405738830566e-01 2.606391608715057373e-01 2.007624953985214233e-01
1.847603172063827515e-01 3.541643619537353516e-01 2.604709267616271973e-01 2.006043940782546997e-01
1.847249418497085571e-01 3.545260727405548096e-01 2.603026628494262695e-01 2.004463374614715576e-01
1.846895217895507812e-01 3.548878729343414307e-01 2.601343393325805664e-01 2.002883106470108032e-01
1.841258406639099121e-01 3.447922170162200928e-01 2.632901966571807861e-01 2.077917307615280151e-01
1.824795007705688477e-01 3.217659294605255127e-01 2.701817750930786133e-01 2.255728840827941895e-01
1.802641004323959351e-01 2.993003726005554199e-01 2.763517796993255615e-01 2.440838068723678589e-01
1.774957329034805298e-01 2.775351107120513916e-01 2.817356288433074951e-01 2.632336020469665527e-01
1.742015779018402100e-01 2.565929591655731201e-01 2.862844765186309814e-01 2.829209864139556885e-01
1.704190522432327271e-01 2.365771383047103882e-01 2.899663150310516357e-01 3.030375242233276367e-01
1.661941111087799072e-01 2.175696194171905518e-01 2.927661538124084473e-01 3.234700858592987061e-01
1.615791469812393188e-01 1.996303051710128784e-01 2.946859896183013916e-01 3.441045880317687988e-01
1.566316485404968262e-01 1.827972084283828735e-01 2.957431077957153320e-01 3.648280501365661621e-01
1.514112353324890137e-01 1.670877933502197266e-01 2.959692776203155518e-01 3.855317533016204834e-01
1.487266719341278076e-01 1.556597501039505005e-01 2.960167229175567627e-01 3.995968103408813477e-01
1.521644294261932373e-01 1.517444550991058350e-01 2.971318066120147705e-01 3.989593684673309326e-01
1.556523740291595459e-01 1.479153037071228027e-01 2.981964051723480225e-01 3.982359766960144043e-01
1.591903865337371826e-01 1.441714763641357422e-01 2.992103993892669678e-01 3.974277377128601074e-01
1.627783775329589844e-01 1.405120193958282471e-01 3.001738786697387695e-01 3.965357840061187744e-01
1.664158403873443604e-01 1.369361132383346558e-01 3.010866045951843262e-01 3.955614268779754639e-01
1.701028794050216675e-01 1.334425359964370728e-01 3.019487559795379639e-01 3.945058882236480713e-01
1.738389134407043457e-01 1.300304979085922241e-01 3.027601838111877441e-01 3.933704793453216553e-01
1.776237189769744873e-01 1.266986578702926636e-01 3.035210072994232178e-01 3.921566903591156006e-01
1.814568042755126953e-01 1.234459504485130310e-01 3.042313754558563232e-01 3.908658921718597412e-01
1.836995333433151245e-01 1.215271949768066406e-01 3.042095601558685303e-01 3.905636966228485107e-01
1.783673763275146484e-01 1.255630105733871460e-01 3.009382486343383789e-01 3.951313197612762451e-01
1.731235980987548828e-01 1.297042667865753174e-01 2.975886464118957520e-01 3.995835781097412109e-01
1.679701507091522217e-01 1.339516490697860718e-01 2.941644191741943359e-01 4.039137363433837891e-01
1.629090011119842529e-01 1.383057534694671631e-01 2.906692326068878174e-01 4.081160426139831543e-01
1.579416543245315552e-01 1.427670270204544067e-01 2.871070206165313721e-01 4.121842980384826660e-01
1.530697345733642578e-01 1.473358124494552612e-01 2.834817767143249512e-01 4.161127209663391113e-01
1.482944786548614502e-01 1.520124524831771851e-01 2.797973155975341797e-01 4.198957383632659912e-01
1.436170339584350586e-01 1.567969322204589844e-01 2.760579586029052734e-01 4.235280454158782959e-01
1.390384137630462646e-01 1.616891324520111084e-01 2.722677290439605713e-01 4.270047843456268311e-01
1.348392814397811890e-01 1.663853526115417480e-01 2.686853408813476562e-01 4.300900697708129883e-01
1.367630809545516968e-01 1.645578593015670776e-01 2.705952525138854980e-01 4.280837774276733398e-01
1.387063860893249512e-01 1.627402007579803467e-01 2.725008130073547363e-01 4.260526299476623535e-01
1.406691074371337891e-01 1.609324067831039429e-01 2.744016051292419434e-01 4.239968359470367432e-01
1.426511704921722412e-01 1.591347455978393555e-01 2.762972414493560791e-01 4.219168424606323242e-01
1.446524560451507568e-01 1.573473066091537476e-01 2.781872749328613281e-01 4.198130369186401367e-01
1.466729044914245605e-01 1.555701196193695068e-01 2.800711095333099365e-01 4.176858961582183838e-01
1.487123519182205200e-01 1.538033485412597656e-01 2.819484472274780273e-01 4.155358374118804932e-01
1.507706940174102783e-01 1.520471721887588501e-01 2.838188707828521729e-01 4.133632779121398926e-01
1.528478562831878662e-01 1.503015756607055664e-01 2.856819033622741699e-01 4.111686348915100098e-01
1.549437493085861206e-01 1.485667973756790161e-01 2.875369489192962646e-01 4.089525640010833740e-01
1.793488711118698120e-01 1.369046717882156372e-01 3.038703799247741699e-01 3.798760771751403809e-01
2.085109949111938477e-01 1.244357898831367493e-01 3.198325634002685547e-01 3.472206592559814453e-01
2.400901168584823608e-01 1.122775152325630188e-01 3.333921134471893311e-01 3.142402768135070801e-01
2.736465930938720703e-01 1.005871891975402832e-01 3.440942764282226562e-01 2.816719710826873779e-01
3.086395859718322754e-01 8.951163291931152344e-02 3.516409099102020264e-01 2.502078115940093994e-01
3.444702327251434326e-01 7.917460799217224121e-02 3.559145629405975342e-01 2.204406112432479858e-01
3.805294036865234375e-01 6.966657191514968872e-02 3.569782972335815430e-01 1.928257644176483154e-01
4.162429869174957275e-01 6.104073673486709595e-02 3.550535142421722412e-01 1.676627844572067261e-01
4.511066079139709473e-01 5.331299081444740295e-02 3.504815399646759033e-01 1.450988650321960449e-01
4.847079217433929443e-01 4.646640270948410034e-02 3.436793684959411621e-01 1.251464039087295532e-01
4.669364094734191895e-01 5.060415342450141907e-02 3.468732535839080811e-01 1.355861425399780273e-01
4.335696697235107422e-01 5.865853652358055115e-02 3.514000773429870605e-01 1.563716828823089600e-01
3.990340232849121094e-01 6.785625219345092773e-02 3.534870743751525879e-01 1.796226799488067627e-01
3.637597560882568359e-01 7.824555784463882446e-02 3.527659177780151367e-01 2.052288502454757690e-01
3.282668292522430420e-01 8.983650058507919312e-02 3.489656448364257812e-01 2.329310178756713867e-01
2.931398451328277588e-01 1.025944128632545471e-01 3.419553637504577637e-01 2.623103559017181396e-01
2.589889168739318848e-01 1.164371371269226074e-01 3.317757844924926758e-01 2.927982509136199951e-01
2.264032363891601562e-01 1.312385350465774536e-01 3.186509609222412109e-01 3.237073123455047607e-01
1.959018260240554810e-01 1.468384414911270142e-01 3.029764592647552490e-01 3.542833030223846436e-01
1.678924709558486938e-01 1.630560606718063354e-01 2.852831482887268066e-01 3.837683498859405518e-01
1.593681424856185913e-01 1.684099584817886353e-01 2.794189155101776123e-01 3.928029537200927734e-01
1.604715734720230103e-01 1.676640361547470093e-01 2.805757224559783936e-01 3.912886083126068115e-01
1.615796685218811035e-01 1.669179201126098633e-01 2.817316055297851562e-01 3.897708058357238770e-01
1.626923531293869019e-01 1.661716252565383911e-01 2.828865647315979004e-01 3.882495164871215820e-01
1.638096570968627930e-01 1.654251366853713989e-01 2.840403318405151367e-01 3.867248594760894775e-01
1.649315953254699707e-01 1.646786183118820190e-01 2.851929068565368652e-01 3.851969540119171143e-01
1.660580635070800781e-01 1.639319956302642822e-01 2.863442003726959229e-01 3.836657404899597168e-01
1.671889871358871460e-01 1.631853282451629639e-01 2.874942719936370850e-01 3.821315169334411621e-01
1.683243811130523682e-01 1.624386906623840332e-01 2.886427342891693115e-01 3.805941939353942871e-01
1.694642454385757446e-01 1.616919636726379395e-01 2.897899448871612549e-01 3.790538907051086426e-01
1.730408668518066406e-01 1.604953259229660034e-01 2.915656566619873047e-01 3.748981654644012451e-01
1.790217459201812744e-01 1.588479429483413696e-01 2.938721179962158203e-01 3.682582378387451172e-01
1.851467192173004150e-01 1.571663320064544678e-01 2.960914075374603271e-01 3.615955114364624023e-01
1.914146840572357178e-01 1.554511934518814087e-01 2.982194721698760986e-01 3.549146950244903564e-01
1.978241056203842163e-01 1.537033468484878540e-01 3.002521991729736328e-01 3.482203185558319092e-01
2.043732553720474243e-01 1.519238799810409546e-01 3.021857142448425293e-01 3.415172100067138672e-01
2.110598981380462646e-01 1.501138061285018921e-01 3.040162324905395508e-01 3.348101675510406494e-01
2.178817093372344971e-01 1.482740938663482666e-01 3.057401478290557861e-01 3.281040191650390625e-01
2.248359471559524536e-01 1.464061737060546875e-01 3.073540329933166504e-01 3.214039504528045654e-01
2.319193482398986816e-01 1.445111781358718872e-01 3.088547587394714355e-01 3.147147297859191895e-01
2.361735552549362183e-01 1.452203243970870972e-01 3.094230294227600098e-01 3.091830909252166748e-01
2.356525063514709473e-01 1.502853929996490479e-01 3.085893690586090088e-01 3.054728209972381592e-01
2.350721657276153564e-01 1.555201560258865356e-01 3.076859116554260254e-01 3.017217814922332764e-01
2.344310283660888672e-01 1.609277427196502686e-01 3.067106306552886963e-01 2.979306578636169434e-01
2.337277084589004517e-01 1.665109097957611084e-01 3.056615293025970459e-01 2.940998971462249756e-01
2.329608649015426636e-01 1.722723692655563354e-01 3.045366108417510986e-01 2.902301549911499023e-01
2.321291714906692505e-01 1.782145351171493530e-01 3.033340275287628174e-01 2.863222360610961914e-01
2.312315106391906738e-01 1.843394190073013306e-01 3.020519316196441650e-01 2.823771238327026367e-01
2.302667945623397827e-01 1.906487792730331421e-01 3.006886541843414307e-01 2.783958315849304199e-01
2.292339503765106201e-01 1.971439719200134277e-01 2.992425858974456787e-01 2.743795216083526611e-01
2.277391403913497925e-01 2.046748995780944824e-01 2.976833879947662354e-01 2.699026465415954590e-01
2.249515056610107422e-01 2.150943577289581299e-01 2.958776354789733887e-01 2.640765011310577393e-01
2.220235019922256470e-01 2.259481698274612427e-01 2.938641011714935303e-01 2.581642270088195801e-01
2.189561724662780762e-01 2.372334301471710205e-01 2.916384935379028320e-01 2.521719634532928467e-01
2.157512307167053223e-01 2.489442080259323120e-01 2.891974449157714844e-01 2.461072057485580444e-01
2.124115228652954102e-01 2.610715031623840332e-01 2.865390181541442871e-01 2.399779707193374634e-01
2.089409232139587402e-01 2.736032307147979736e-01 2.836627066135406494e-01 2.337931394577026367e-01
2.053442001342773438e-01 2.865240871906280518e-01 2.805692851543426514e-01 2.275624871253967285e-01
2.016271352767944336e-01 2.998152971267700195e-01 2.772612571716308594e-01 2.212962955236434937e-01
1.977965533733367920e-01 3.134550154209136963e-01 2.737426161766052246e-01 2.150058448314666748e-01
1.942200362682342529e-01 3.259647488594055176e-01 2.704130113124847412e-01 2.094022482633590698e-01
1.932976692914962769e-01 3.277122080326080322e-01 2.699480652809143066e-01 2.090420126914978027e-01
1.923768371343612671e-01 3.294639885425567627e-01 2.694798707962036133e-01 2.086792737245559692e-01
1.914575845003128052e-01 3.312199115753173828e-01 2.690083980560302734e-01 2.083141058683395386e-01
1.905398070812225342e-01 3.329800665378570557e-01 2.685337364673614502e-01 2.079464197158813477e-01
1.896236091852188110e-01 3.347442150115966797e-01 2.680558264255523682e-01 2.075764238834381104e-01
1.887089312076568604e-01 3.365124464035034180e-01 2.675747275352478027e-01 2.072038948535919189e-01
1.877958625555038452e-01 3.382846117019653320e-01 2.670904695987701416e-01 2.068290263414382935e-01
1.868844926357269287e-01 3.400607705116271973e-01 2.666029036045074463e-01 2.064518332481384277e-01
1.859747022390365601e-01 3.418407142162322998e-01 2.661124467849731445e-01 2.060721814632415771e-01
1.850665956735610962e-01 3.436243832111358643e-01 2.656186521053314209e-01 2.056902945041656494e-01
1.852281540632247925e-01 3.433035016059875488e-01 2.657263875007629395e-01 2.057419419288635254e-01
1.854057610034942627e-01 3.429512381553649902e-01 2.658430337905883789e-01 2.057999670505523682e-01
1.855833530426025391e-01 3.425992429256439209e-01 2.659595012664794922e-01 2.058579027652740479e-01
1.857610791921615601e-01 3.422472774982452393e-01 2.660759389400482178e-01 2.059156596660614014e-01
1.859388500452041626e-01 3.418955504894256592e-01 2.661922574043273926e-01 2.059734165668487549e-01
1.861166507005691528e-01 3.415438532829284668e-01 2.663084268569946289e-01 2.060310393571853638e-01
1.862945556640625000e-01 3.411923646926879883e-01 2.664245367050170898e-01 2.060885429382324219e-01
1.864724606275558472e-01 3.408411741256713867e-01 2.665404677391052246e-01 2.061459124088287354e-01
1.866504698991775513e-01 3.404899239540100098e-01 2.666563391685485840e-01 2.062032073736190796e-01
1.868285834789276123e-01 3.401389122009277344e-01 2.667720913887023926e-01 2.062603980302810669e-01
1.866428107023239136e-01 3.402055203914642334e-01 2.667386531829833984e-01 2.064130306243896484e-01
1.863945126533508301e-01 3.403439819812774658e-01 2.666793465614318848e-01 2.065822035074234009e-01
1.861464977264404297e-01 3.404823541641235352e-01 2.666198313236236572e-01 2.067513465881347656e-01
1.858986169099807739e-01 3.406206071376800537e-01 2.665603160858154297e-01 2.069204896688461304e-01
1.856510490179061890e-01 3.407586812973022461e-01 2.665006220340728760e-01 2.070897370576858521e-01
1.854036450386047363e-01 3.408966958522796631e-01 2.664407193660736084e-01 2.072589397430419922e-01
1.851564794778823853e-01 3.410345315933227539e-01 2.663807570934295654e-01 2.074282169342041016e-01
1.849095821380615234e-01 3.411722779273986816e-01 2.663206458091735840e-01 2.075975239276885986e-01
1.846629083156585693e-01 3.413098156452178955e-01 2.662604153156280518e-01 2.077668309211730957e-01
1.844164729118347168e-01 3.414473235607147217e-01 2.662000358104705811e-01 2.079361975193023682e-01
1.843300312757492065e-01 3.417185544967651367e-01 2.660846710205078125e-01 2.078668177127838135e-01
1.843054443597793579e-01 3.420418500900268555e-01 2.659477591514587402e-01 2.077048867940902710e-01
1.842808276414871216e-01 3.423652946949005127e-01 2.658109664916992188e-01 2.075430005788803101e-01
1.842560917139053345e-01 3.426887989044189453e-01 2.656740248203277588e-01 2.073810994625091553e-01
1.842312514781951904e-01 3.430125117301940918e-01 2.655370831489562988e-01 2.072192132472991943e-01
1.842063665390014648e-01 3.433363139629364014e-01 2.653999626636505127e-01 2.070573568344116211e-01
1.841813325881958008e-01 3.436602056026458740e-01 2.652629017829895020e-01 2.068955898284912109e-01
1.841562837362289429e-01 3.439842462539672852e-01 2.651257216930389404e-01 2.067338377237319946e-01
1.841310858726501465e-01 3.443084359169006348e-01 2.649884521961212158e-01 2.065720111131668091e-01
1.841058135032653809e-01 3.446327447891235352e-01 2.648511230945587158e-01 2.064102888107299805e-01
2.051233798265457153e-01 3.161950707435607910e-01 2.785276472568511963e-01 2.001539766788482666e-01
2.432621419429779053e-01 2.694945633411407471e-01 2.995641827583312988e-01 1.876792162656784058e-01
2.835563719272613525e-01 2.262931317090988159e-01 3.168610334396362305e-01 1.732894778251647949e-01
3.249148130416870117e-01 1.875687539577484131e-01 3.297839760780334473e-01 1.577324867248535156e-01
3.662670850753784180e-01 1.538439989089965820e-01 3.381133079528808594e-01 1.417757123708724976e-01
4.066800177097320557e-01 1.252053231000900269e-01 3.420135676860809326e-01 1.261011213064193726e-01
4.454270005226135254e-01 1.013934090733528137e-01 3.419410288333892822e-01 1.112385839223861694e-01
4.820062816143035889e-01 8.192445337772369385e-02 3.385264575481414795e-01 9.754276275634765625e-02
5.161222219467163086e-01 6.620646268129348755e-02 3.324660062789916992e-01 8.520521968603134155e-02
5.476472973823547363e-01 5.362824723124504089e-02 3.244385719299316406e-01 7.428587228059768677e-02
5.502395629882812500e-01 5.262877419590950012e-02 3.237172067165374756e-01 7.341442257165908813e-02
5.188081860542297363e-01 6.489387899637222290e-02 3.320229053497314453e-01 8.427503705024719238e-02
4.847917854785919189e-01 8.021177351474761963e-02 3.384227156639099121e-01 9.657372534275054932e-02
4.483140110969543457e-01 9.917961061000823975e-02 3.422416150569915771e-01 1.102648004889488220e-01
4.096626043319702148e-01 1.223804950714111328e-01 3.427824676036834717e-01 1.251744031906127930e-01
3.693276345729827881e-01 1.502987891435623169e-01 3.394055068492889404e-01 1.409680843353271484e-01
3.280204236507415771e-01 1.832090765237808228e-01 3.316345214843750000e-01 1.571360528469085693e-01
2.866574525833129883e-01 2.210578471422195435e-01 3.192733526229858398e-01 1.730113327503204346e-01
2.462950795888900757e-01 2.633724212646484375e-01 3.025012314319610596e-01 1.878312677145004272e-01
2.080172002315521240e-01 3.092354536056518555e-01 2.819088101387023926e-01 2.008385211229324341e-01
1.837899833917617798e-01 3.416179120540618896e-01 2.662927806377410889e-01 2.082993537187576294e-01
1.837415695190429688e-01 3.415814042091369629e-01 2.663213908672332764e-01 2.083556801080703735e-01
1.836931556463241577e-01 3.415449559688568115e-01 2.663500010967254639e-01 2.084118872880935669e-01
1.836448162794113159e-01 3.415084183216094971e-01 2.663785219192504883e-01 2.084681838750839233e-01
1.835963726043701172e-01 3.414719402790069580e-01 2.664071321487426758e-01 2.085244953632354736e-01
1.835480928421020508e-01 3.414354026317596436e-01 2.664356827735900879e-01 2.085808515548706055e-01
1.834996938705444336e-01 3.413989245891571045e-01 2.664642930030822754e-01 2.086371034383773804e-01
1.834513098001480103e-01 3.413623869419097900e-01 2.664928436279296875e-01 2.086934149265289307e-01
1.834030002355575562e-01 3.413259088993072510e-01 2.665213644504547119e-01 2.087497860193252563e-01
1.833546757698059082e-01 3.412892818450927734e-01 2.665499150753021240e-01 2.088061124086380005e-01
1.833154410123825073e-01 3.413056731224060059e-01 2.665580213069915771e-01 2.088208645582199097e-01
1.833148896694183350e-01 3.415458798408508301e-01 2.664796411991119385e-01 2.086595296859741211e-01
1.833142787218093872e-01 3.417860865592956543e-01 2.664013206958770752e-01 2.084983587265014648e-01
1.833135038614273071e-01 3.420265018939971924e-01 2.663228511810302734e-01 2.083371579647064209e-01
1.833128482103347778e-01 3.422668576240539551e-01 2.662442922592163086e-01 2.081760317087173462e-01
1.833120137453079224e-01 3.425073027610778809e-01 2.661656737327575684e-01 2.080149650573730469e-01
1.833111792802810669e-01 3.427476882934570312e-01 2.660870850086212158e-01 2.078540325164794922e-01
1.833102554082870483e-01 3.429882824420928955e-01 2.660083770751953125e-01 2.076930701732635498e-01
1.833092421293258667e-01 3.432289063930511475e-01 2.659295797348022461e-01 2.075322270393371582e-01
1.833082884550094604e-01 3.434695601463317871e-01 2.658507227897644043e-01 2.073714435100555420e-01
1.833103448152542114e-01 3.436930477619171143e-01 2.657799720764160156e-01 2.072166651487350464e-01
1.833631098270416260e-01 3.436408340930938721e-01 2.658387124538421631e-01 2.071573734283447266e-01
1.834158450365066528e-01 3.435885608196258545e-01 2.658975124359130859e-01 2.070981264114379883e-01
1.834686249494552612e-01 3.435362577438354492e-01 2.659562528133392334e-01 2.070388346910476685e-01
1.835214495658874512e-01 3.434839844703674316e-01 2.660149931907653809e-01 2.069795280694961548e-01
1.835742145776748657e-01 3.434317708015441895e-01 2.660737335681915283e-01 2.069203108549118042e-01
1.836270093917846680e-01 3.433794081211090088e-01 2.661325037479400635e-01 2.068610340356826782e-01
1.836798340082168579e-01 3.433270752429962158e-01 2.661912441253662109e-01 2.068017870187759399e-01
1.837326437234878540e-01 3.432748019695281982e-01 2.662500143051147461e-01 2.067425847053527832e-01
1.837854385375976562e-01 3.432224988937377930e-01 2.663087546825408936e-01 2.066833674907684326e-01
1.838382482528686523e-01 3.431701362133026123e-01 2.663675248622894287e-01 2.066240757703781128e-01
2.232383340597152710e-01 2.936812043190002441e-01 2.800967693328857422e-01 2.029836028814315796e-01
2.701051533222198486e-01 2.440046817064285278e-01 2.903099358081817627e-01 1.955801546573638916e-01
3.202134072780609131e-01 1.995779126882553101e-01 2.952257394790649414e-01 1.849829852581024170e-01
3.720420598983764648e-01 1.611793488264083862e-01 2.948588430881500244e-01 1.719197779893875122e-01
4.240496754646301270e-01 1.289609372615814209e-01 2.897153794765472412e-01 1.572740674018859863e-01
4.748516678810119629e-01 1.025816574692726135e-01 2.806376814842224121e-01 1.419289112091064453e-01
5.233347415924072266e-01 8.139241486787796021e-02 2.686227262020111084e-01 1.266501396894454956e-01
5.687014460563659668e-01 6.460879743099212646e-02 2.546659111976623535e-01 1.120238676667213440e-01
6.104629635810852051e-01 5.143898725509643555e-02 2.396546304225921631e-01 9.844347089529037476e-02
6.483959555625915527e-01 4.116062819957733154e-02 2.243137806653976440e-01 8.612974733114242554e-02
6.490415930747985840e-01 4.087361320853233337e-02 2.213149368762969971e-01 8.876988291740417480e-02
6.401875615119934082e-01 4.288848116993904114e-02 2.213892340660095215e-01 9.553470462560653687e-02
6.308297514915466309e-01 4.500469192862510681e-02 2.213253080844879150e-01 1.028402447700500488e-01
6.209521889686584473e-01 4.722262173891067505e-02 2.211068272590637207e-01 1.107184067368507385e-01
6.105404496192932129e-01 4.954180121421813965e-02 2.207172811031341553e-01 1.192004680633544922e-01
5.995833873748779297e-01 5.196065828204154968e-02 2.201400250196456909e-01 1.283159852027893066e-01
5.880729556083679199e-01 5.447636544704437256e-02 2.193584144115447998e-01 1.380921751260757446e-01
5.760061144828796387e-01 5.708476528525352478e-02 2.183559387922286987e-01 1.485531777143478394e-01
5.633831024169921875e-01 5.978034809231758118e-02 2.171173542737960815e-01 1.597192287445068359e-01
5.502107739448547363e-01 6.255593150854110718e-02 2.156279683113098145e-01 1.716053187847137451e-01
5.499126911163330078e-01 6.211276724934577942e-02 2.156975120306015015e-01 1.722770482301712036e-01
5.562703013420104980e-01 6.005203723907470703e-02 2.166032344102859497e-01 1.670743972063064575e-01
5.624957680702209473e-01 5.805398523807525635e-02 2.174501270055770874e-01 1.620001494884490967e-01
5.685879588127136230e-01 5.611774697899818420e-02 2.182395905256271362e-01 1.570547223091125488e-01
5.745462775230407715e-01 5.424226447939872742e-02 2.189732491970062256e-01 1.522381603717803955e-01
5.803706645965576172e-01 5.242656171321868896e-02 2.196525484323501587e-01 1.475501507520675659e-01
5.860611200332641602e-01 5.066958442330360413e-02 2.202791124582290649e-01 1.429901719093322754e-01
5.916178822517395020e-01 4.897016286849975586e-02 2.208546996116638184e-01 1.385572403669357300e-01
5.970412492752075195e-01 4.732707515358924866e-02 2.213811278343200684e-01 1.342505365610122681e-01
6.023323535919189453e-01 4.573910683393478394e-02 2.218600064516067505e-01 1.300686150789260864e-01
6.085723042488098145e-01 4.513132572174072266e-02 2.204885333776473999e-01 1.258078515529632568e-01
6.156534552574157715e-01 4.535482451319694519e-02 2.174965292215347290e-01 1.214951723814010620e-01
6.226175427436828613e-01 4.557243734598159790e-02 2.144995927810668945e-01 1.173104494810104370e-01
6.294627189636230469e-01 4.578446596860885620e-02 2.115009129047393799e-01 1.132518276572227478e-01
6.361876130104064941e-01 4.599113389849662781e-02 2.085038125514984131e-01 1.093174740672111511e-01
6.427913904190063477e-01 4.619262740015983582e-02 2.055108249187469482e-01 1.055052056908607483e-01
6.492729187011718750e-01 4.638930410146713257e-02 2.025249600410461426e-01 1.018128544092178345e-01
6.556316614151000977e-01 4.658135771751403809e-02 1.995488405227661133e-01 9.823814779520034790e-02
6.618669033050537109e-01 4.676915332674980164e-02 1.965851485729217529e-01 9.477885067462921143e-02
6.679786443710327148e-01 4.695285856723785400e-02 1.936360895633697510e-01 9.143239259719848633e-02
6.671413779258728027e-01 4.759723693132400513e-02 1.936539560556411743e-01 9.160743653774261475e-02
6.556519269943237305e-01 4.896117374300956726e-02 1.981713920831680298e-01 9.721551835536956787e-02
6.438053250312805176e-01 5.034526810050010681e-02 2.027002722024917603e-01 1.031491532921791077e-01
6.316053271293640137e-01 5.174679681658744812e-02 2.072275280952453613e-01 1.094203814864158630e-01
6.190573573112487793e-01 5.316264554858207703e-02 2.117391675710678101e-01 1.160408407449722290e-01
6.061695218086242676e-01 5.458944663405418396e-02 2.162199616432189941e-01 1.230211034417152405e-01
5.929518342018127441e-01 5.602344498038291931e-02 2.206538766622543335e-01 1.303709000349044800e-01
5.794165134429931641e-01 5.746060609817504883e-02 2.250239700078964233e-01 1.380989700555801392e-01
5.655788183212280273e-01 5.889647826552391052e-02 2.293123602867126465e-01 1.462124139070510864e-01
5.514558553695678711e-01 6.032652407884597778e-02 2.335006445646286011e-01 1.547170728445053101e-01
5.446628928184509277e-01 6.013233214616775513e-02 2.363265156745910645e-01 1.588782519102096558e-01
5.585864782333374023e-01 5.567238852381706238e-02 2.354857176542282104e-01 1.502554714679718018e-01
5.720441341400146484e-01 5.154665559530258179e-02 2.344013899564743042e-01 1.420079171657562256e-01
5.850285887718200684e-01 4.773467406630516052e-02 2.330959737300872803e-01 1.341408342123031616e-01
5.975367426872253418e-01 4.421643167734146118e-02 2.315918207168579102e-01 1.266550272703170776e-01
6.095687150955200195e-01 4.097226634621620178e-02 2.299107760190963745e-01 1.195482760667800903e-01
6.211275458335876465e-01 3.798316419124603271e-02 2.280741333961486816e-01 1.128152012825012207e-01
6.322193741798400879e-01 3.523084893822669983e-02 2.261019796133041382e-01 1.064478456974029541e-01
6.428520679473876953e-01 3.269787505269050598e-02 2.240135371685028076e-01 1.004365086555480957e-01
6.530356407165527344e-01 3.036765381693840027e-02 2.218270450830459595e-01 9.476970881223678589e-02
6.611918210983276367e-01 2.869617566466331482e-02 2.198331207036972046e-01 9.027889370918273926e-02
6.586843132972717285e-01 3.025056049227714539e-02 2.195956856012344360e-01 9.146943688392639160e-02
6.560732722282409668e-01 3.191131725907325745e-02 2.193431109189987183e-01 9.267221391201019287e-02
6.533536314964294434e-01 3.368645906448364258e-02 2.190736532211303711e-01 9.388632327318191528e-02
6.505193114280700684e-01 3.558473661541938782e-02 2.187851518392562866e-01 9.511078149080276489e-02
6.475648283958435059e-01 3.761540725827217102e-02 2.184755504131317139e-01 9.634425491094589233e-02
6.444835662841796875e-01 3.978861123323440552e-02 2.181424498558044434e-01 9.758539497852325439e-02
6.412690281867980957e-01 4.211505502462387085e-02 2.177832573652267456e-01 9.883267432451248169e-02
6.379139423370361328e-01 4.460632428526878357e-02 2.173952609300613403e-01 1.000844612717628479e-01
6.344110369682312012e-01 4.727483168244361877e-02 2.169754356145858765e-01 1.013387367129325867e-01
6.307522654533386230e-01 5.013378709554672241e-02 2.165205925703048706e-01 1.025933697819709778e-01
