1.641591787338256836e-01 3.204031586647033691e-01 2.439476251602172852e-01 2.714900970458984375e-01
1.852276325225830078e-01 2.534264624118804932e-01 2.250457406044006348e-01 3.363002240657806396e-01
1.706408895552158356e-02 3.640994196757674217e-03 7.577962279319763184e-01 2.214987277984619141e-01
1.413398683071136475e-01 3.639231435954570770e-04 7.601155042648315430e-01 9.818071871995925903e-02
7.710635662078857422e-02 5.874193448107689619e-05 1.436062715947628021e-02 9.084742665290832520e-01
6.757715344429016113e-02 9.785684233065694571e-05 5.538131110370159149e-03 9.267868399620056152e-01
6.093037873506546021e-02 7.256479875650256872e-05 1.861804164946079254e-02 9.203790426254272461e-01
1.131053175777196884e-02 1.001379714580252767e-04 5.986482719890773296e-04 9.879906773567199707e-01
8.840619586408138275e-03 7.660708797629922628e-05 4.644672735594213009e-04 9.906182885169982910e-01
1.032061967998743057e-02 7.596464274683967233e-05 7.358902948908507824e-04 9.888675808906555176e-01
1.020913012325763702e-02 1.124876071116887033e-04 4.278552369214594364e-04 9.892505407333374023e-01
1.433220785111188889e-02 7.707714394200593233e-05 4.917908227071166039e-04 9.850989580154418945e-01
7.656009495258331299e-02 8.846226410241797566e-05 2.573801437392830849e-03 9.207776188850402832e-01
3.001582026481628418e-01 1.274761307286098599e-04 9.506972506642341614e-03 6.902073621749877930e-01
7.261741161346435547e-01 1.602294942131265998e-04 3.157439082860946655e-02 2.420912683010101318e-01
7.479610294103622437e-02 5.089498590677976608e-04 1.601407071575522423e-03 9.230935573577880859e-01
3.136105835437774658e-01 1.074067782610654831e-03 2.102736383676528931e-03 6.832126379013061523e-01
5.318926572799682617e-01 2.762922318652272224e-03 3.454992081969976425e-03 4.618894159793853760e-01
7.292559742927551270e-01 9.429831057786941528e-03 1.405981276184320450e-02 2.472543418407440186e-01
9.392330646514892578e-01 4.703165963292121887e-03 1.219820976257324219e-02 4.386563599109649658e-02
9.657754898071289062e-01 5.357985850423574448e-03 1.816061884164810181e-02 1.070595625787973404e-02
9.793063402175903320e-01 2.139723394066095352e-03 2.520685782656073570e-03 1.603324711322784424e-02
9.761892557144165039e-01 1.591894775629043579e-03 1.416243612766265869e-03 2.080256864428520203e-02
9.793543815612792969e-01 9.461089503020048141e-04 7.550387526862323284e-04 1.894447393715381622e-02
9.718992114067077637e-01 1.342659816145896912e-03 2.369225490838289261e-03 2.438887953758239746e-02
9.563193917274475098e-01 9.802583372220396996e-04 7.705091964453458786e-03 3.499524667859077454e-02
9.497755765914916992e-01 1.492897281423211098e-03 2.028815075755119324e-02 2.844333834946155548e-02
8.880791068077087402e-01 1.443926128558814526e-03 4.905097931623458862e-02 6.142602860927581787e-02
9.414725899696350098e-01 2.610595664009451866e-03 2.558930218219757080e-02 3.032753616571426392e-02
8.902760148048400879e-01 6.355180405080318451e-03 1.477937120944261551e-02 8.858943730592727661e-02
9.054483175277709961e-01 8.357272483408451080e-03 1.369350869208574295e-02 7.250095903873443604e-02
9.535552859306335449e-01 1.121561229228973389e-02 2.031053602695465088e-02 1.491848379373550415e-02
9.712468981742858887e-01 7.453720085322856903e-03 9.722521528601646423e-03 1.157689560204744339e-02
9.585905671119689941e-01 1.212136354297399521e-02 1.988158933818340302e-02 9.406473487615585327e-03
9.821200966835021973e-01 3.702285932376980782e-03 7.733525242656469345e-03 6.444059312343597412e-03
9.889756441116333008e-01 1.497252378612756729e-03 3.664129180833697319e-03 5.862963385879993439e-03
9.876661300659179688e-01 2.041996456682682037e-03 4.356462508440017700e-03 5.935356486588716507e-03
9.880113005638122559e-01 1.803434919565916061e-03 1.299176248721778393e-03 8.886066265404224396e-03
9.868656992912292480e-01 2.142928773537278175e-03 3.228572197258472443e-03 7.762769237160682678e-03
9.810146093368530273e-01 2.058832440525293350e-03 6.080726161599159241e-03 1.084580551832914352e-02
9.783688783645629883e-01 2.900089602917432785e-03 6.102049723267555237e-03 1.262901630252599716e-02
9.176086187362670898e-01 1.378558110445737839e-02 4.596042633056640625e-02 2.264533005654811859e-02
9.329998493194580078e-01 9.737329557538032532e-03 3.778633102774620056e-02 1.947650685906410217e-02
7.642806172370910645e-01 4.653546586632728577e-02 1.515919566154479980e-01 3.759197145700454712e-02
8.088032603263854980e-01 5.567988380789756775e-02 1.118096709251403809e-01 2.370723150670528412e-02
9.015828371047973633e-01 3.692109882831573486e-02 4.040436074137687683e-02 2.109169960021972656e-02
9.141127467155456543e-01 3.302273154258728027e-02 3.767398744821548462e-02 1.519047189503908157e-02
9.682769179344177246e-01 1.660368964076042175e-02 7.373092230409383774e-03 7.746341172605752945e-03
9.704571366310119629e-01 1.399820391088724136e-02 8.666963316500186920e-03 6.877690553665161133e-03
9.681650400161743164e-01 1.611470617353916168e-02 8.681409060955047607e-03 7.038745563477277756e-03
9.751126170158386230e-01 1.263812091201543808e-02 5.773968063294887543e-03 6.475325208157300949e-03
9.489806890487670898e-01 2.525425888597965240e-02 1.708323135972023010e-02 8.681734092533588409e-03
9.435452818870544434e-01 2.709983661770820618e-02 1.680214144289493561e-02 1.255271863192319870e-02
8.869705200195312500e-01 5.393828451633453369e-02 4.152493178844451904e-02 1.756622828543186188e-02
8.842331767082214355e-01 5.405832827091217041e-02 3.756527230143547058e-02 2.414317615330219269e-02
8.934190273284912109e-01 4.265430569648742676e-02 3.930117934942245483e-02 2.462546154856681824e-02
9.003356099128723145e-01 3.663209453225135803e-02 4.305534437298774719e-02 1.997701264917850494e-02
8.651399612426757812e-01 4.036911949515342712e-02 5.718056857585906982e-02 3.731035441160202026e-02
9.208254218101501465e-01 2.672402188181877136e-02 3.118362277746200562e-02 2.126696333289146423e-02
9.013150930404663086e-01 3.938248008489608765e-02 3.815380856394767761e-02 2.114867791533470154e-02
9.059040546417236328e-01 4.217135906219482422e-02 2.847981639206409454e-02 2.344479039311408997e-02
8.390554189682006836e-01 8.625835180282592773e-02 5.575679987668991089e-02 1.892943494021892548e-02
8.410856723785400391e-01 8.791436254978179932e-02 5.016783252358436584e-02 2.083223126828670502e-02
7.949822545051574707e-01 1.162025332450866699e-01 6.829985976219177246e-02 2.051544375717639923e-02
7.691373825073242188e-01 1.445924490690231323e-01 6.975398212671279907e-02 1.651620119810104370e-02
8.282499313354492188e-01 9.310152381658554077e-02 5.608868598937988281e-02 2.255995757877826691e-02
7.598331570625305176e-01 1.168874129652976990e-01 9.551487863063812256e-02 2.776461094617843628e-02
7.470198273658752441e-01 9.722148627042770386e-02 1.174544170498847961e-01 3.830434754490852356e-02
7.597451210021972656e-01 7.129687815904617310e-02 1.119332239031791687e-01 5.702477321028709412e-02
7.442148327827453613e-01 7.001569122076034546e-02 1.211719065904617310e-01 6.459756195545196533e-02
7.660571336746215820e-01 5.276489630341529846e-02 7.865887880325317383e-02 1.025190725922584534e-01
8.300018906593322754e-01 2.730232663452625275e-02 7.357897609472274780e-02 6.911686807870864868e-02
8.366487026214599609e-01 2.049755677580833435e-02 8.316195756196975708e-02 5.969183892011642456e-02
8.673340678215026855e-01 1.482263114303350449e-02 6.988362222909927368e-02 4.795973747968673706e-02
8.724932074546813965e-01 1.865335740149021149e-02 6.687464565038681030e-02 4.197875782847404480e-02
8.520244359970092773e-01 3.548650816082954407e-02 5.524104461073875427e-02 5.724807456135749817e-02
8.271166086196899414e-01 4.565637186169624329e-02 7.554607093334197998e-02 5.168106406927108765e-02
7.524462938308715820e-01 8.955655246973037720e-02 9.471205621957778931e-02 6.328516453504562378e-02
7.142235040664672852e-01 7.830432057380676270e-02 1.352598369121551514e-01 7.221231609582901001e-02
6.885232925415039062e-01 5.795833840966224670e-02 1.877696514129638672e-01 6.574875116348266602e-02
7.370801568031311035e-01 5.386928096413612366e-02 1.309565603733062744e-01 7.809397578239440918e-02
7.149959206581115723e-01 5.265827849507331848e-02 1.525292545557022095e-01 7.981653511524200439e-02
7.036023736000061035e-01 5.449635162949562073e-02 1.286563873291015625e-01 1.132448613643646240e-01
6.730429530143737793e-01 5.375788733363151550e-02 1.493269354104995728e-01 1.238722503185272217e-01
5.829327702522277832e-01 5.366608127951622009e-02 2.332512736320495605e-01 1.301499009132385254e-01
6.853111386299133301e-01 4.106251895427703857e-02 1.547491997480392456e-01 1.188771352171897888e-01
6.794708371162414551e-01 4.248705506324768066e-02 1.568764299154281616e-01 1.211657822132110596e-01
7.684190273284912109e-01 3.437484055757522583e-02 9.675744175910949707e-02 1.004487499594688416e-01
7.954833507537841797e-01 2.568314969539642334e-02 7.632999122142791748e-02 1.025035753846168518e-01
7.645910978317260742e-01 3.605362027883529663e-02 1.066376417875289917e-01 9.271766990423202515e-02
7.307817339897155762e-01 2.861237153410911560e-02 9.671016037464141846e-02 1.438958346843719482e-01
7.009276747703552246e-01 4.432056471705436707e-02 1.382657736539840698e-01 1.164859607815742493e-01
7.192492485046386719e-01 4.499907419085502625e-02 1.330894827842712402e-01 1.026622727513313293e-01
7.173245549201965332e-01 4.684907197952270508e-02 1.364146471023559570e-01 9.941168874502182007e-02
6.297448277473449707e-01 6.860096007585525513e-02 1.977390199899673462e-01 1.039151325821876526e-01
5.938025712966918945e-01 5.674014240503311157e-02 2.001937627792358398e-01 1.492635458707809448e-01
5.583937764167785645e-01 5.808122083544731140e-02 2.465883046388626099e-01 1.369366496801376343e-01
5.420532822608947754e-01 6.677263230085372925e-02 2.306610196828842163e-01 1.605131328105926514e-01
5.472625494003295898e-01 6.257368624210357666e-02 2.077987641096115112e-01 1.823649406433105469e-01
5.592587590217590332e-01 6.754381209611892700e-02 2.265100926160812378e-01 1.466872990131378174e-01
6.032679080963134766e-01 5.698917433619499207e-02 1.810948252677917480e-01 1.586481630802154541e-01
5.713116526603698730e-01 6.615768373012542725e-02 2.211882025003433228e-01 1.413424909114837646e-01
5.449833273887634277e-01 6.353833526372909546e-02 2.292639315128326416e-01 1.622144579887390137e-01
5.470379590988159180e-01 6.718850880861282349e-02 2.205384373664855957e-01 1.652351021766662598e-01
5.186937451362609863e-01 8.601935952901840210e-02 2.689188122749328613e-01 1.263680607080459595e-01
6.052539944648742676e-01 5.201439931988716125e-02 2.086236625909805298e-01 1.341079026460647583e-01
4.634865224361419678e-01 5.243642255663871765e-02 2.820555567741394043e-01 2.020215988159179688e-01
2.497327700257301331e-02 8.534095250070095062e-04 1.007040403783321381e-02 9.641029834747314453e-01
9.949150681495666504e-02 5.139426211826503277e-04 5.017460584640502930e-01 3.982484638690948486e-01
2.364545315504074097e-02 7.668852340430021286e-04 2.921174466609954834e-01 6.834703087806701660e-01
1.104111075401306152e-01 4.869914264418184757e-04 2.589762806892395020e-01 6.301256418228149414e-01
1.620808057487010956e-02 5.469358802656643093e-05 6.898229941725730896e-03 9.768388867378234863e-01
1.319738663733005524e-02 1.198052923427894711e-04 9.940360672771930695e-03 9.767424464225769043e-01
2.326082438230514526e-01 1.785390923032537103e-04 1.388889700174331665e-01 6.283243298530578613e-01
3.438837081193923950e-02 2.801337977871298790e-04 1.970815286040306091e-02 9.456233978271484375e-01
1.501551456749439240e-02 1.007051905617117882e-03 1.287049893289804459e-02 9.711069464683532715e-01
6.770946085453033447e-02 2.678628952708095312e-04 1.585102081298828125e-02 9.161716103553771973e-01
4.745428636670112610e-02 4.381401231512427330e-04 1.682868748903274536e-01 7.838206887245178223e-01
2.396548390388488770e-01 2.013471384998410940e-04 4.728681594133377075e-02 7.128570675849914551e-01
3.091696500778198242e-01 1.589925668668001890e-04 1.074551418423652649e-01 5.832161903381347656e-01
1.048526316881179810e-01 1.175395096652209759e-03 6.670486927032470703e-01 2.269232720136642456e-01
6.772645562887191772e-02 1.192479248857125640e-04 2.484963275492191315e-02 9.073045849800109863e-01
4.037897884845733643e-01 3.096513682976365089e-04 1.457229852676391602e-01 4.501775205135345459e-01
4.918600991368293762e-02 2.219155663624405861e-03 8.658559322357177734e-01 8.273887634277343750e-02
1.332965195178985596e-01 1.201760605908930302e-03 7.240785956382751465e-01 1.414231508970260620e-01
4.507693648338317871e-01 1.847687090048566461e-04 4.422809928655624390e-02 5.048179030418395996e-01
5.487601757049560547e-01 3.915900597348809242e-04 1.288605630397796631e-01 3.219876885414123535e-01
1.662369444966316223e-02 1.514212810434401035e-03 9.689444303512573242e-01 1.291773654520511627e-02
3.860692083835601807e-01 2.428852487355470657e-03 3.925774097442626953e-01 2.189245223999023438e-01
8.798793554306030273e-01 2.164256002288311720e-04 5.353628098964691162e-02 6.636793911457061768e-02
8.721442818641662598e-01 1.660558191360905766e-04 7.072339206933975220e-02 5.696626007556915283e-02
3.281820416450500488e-01 2.121872035786509514e-03 5.266900062561035156e-01 1.430060714483261108e-01
3.630852401256561279e-01 3.045517485588788986e-03 5.089570879936218262e-01 1.249121651053428650e-01
7.758393287658691406e-01 1.297669485211372375e-03 1.798852384090423584e-01 4.297782853245735168e-02
9.458397030830383301e-01 2.270235272590070963e-04 3.002850525081157684e-02 2.390476875007152557e-02
8.335424661636352539e-01 5.029453313909471035e-04 9.861564636230468750e-02 6.733897328376770020e-02
3.782164752483367920e-01 5.432959180325269699e-03 5.492770075798034668e-01 6.707357615232467651e-02
4.732132554054260254e-01 4.878239240497350693e-03 4.876788258552551270e-01 3.422979637980461121e-02
9.227939844131469727e-01 7.646689191460609436e-04 5.948155000805854797e-02 1.695971377193927765e-02
8.981476426124572754e-01 5.804672837257385254e-04 6.245457008481025696e-02 3.881736472249031067e-02
7.008736729621887207e-01 2.755087334662675858e-03 2.512542605400085449e-01 4.511699080467224121e-02
5.318425893783569336e-01 7.236106321215629578e-03 4.281644821166992188e-01 3.275684267282485962e-02
9.096161127090454102e-01 1.800969708710908890e-03 6.917449831962585449e-02 1.940843649208545685e-02
8.554998636245727539e-01 3.523065708577632904e-03 1.208072677254676819e-01 2.016985788941383362e-02
7.788562774658203125e-01 3.794097341597080231e-03 1.982988417148590088e-01 1.905081793665885925e-02
8.703593611717224121e-01 1.899495022371411324e-03 9.715612232685089111e-02 3.058502450585365295e-02
9.051837921142578125e-01 1.969192875549197197e-03 7.521518319845199585e-02 1.763180270791053772e-02
8.093004822731018066e-01 1.015217881649732590e-02 1.675123870372772217e-01 1.303499005734920502e-02
8.130094408988952637e-01 1.493729930371046066e-02 1.533577591180801392e-01 1.869547367095947266e-02
9.221662878990173340e-01 3.198575461283326149e-03 5.768919736146926880e-02 1.694602519273757935e-02
9.419679641723632812e-01 1.167631824500858784e-03 4.033346846699714661e-02 1.653096266090869904e-02
8.207320570945739746e-01 6.678961683064699173e-03 1.567677557468414307e-01 1.582120731472969055e-02
8.318376541137695312e-01 1.919806189835071564e-02 1.341490596532821655e-01 1.481513120234012604e-02
8.634018301963806152e-01 1.686698198318481445e-02 1.064916849136352539e-01 1.323960814625024796e-02
8.557310104370117188e-01 7.740991655737161636e-03 1.184146478772163391e-01 1.811333000659942627e-02
9.157730340957641602e-01 3.867327235639095306e-03 6.279754638671875000e-02 1.756216585636138916e-02
8.760017156600952148e-01 1.177959050983190536e-02 9.470847249031066895e-02 1.751028001308441162e-02
7.767454385757446289e-01 4.608805477619171143e-02 1.608498692512512207e-01 1.631667278707027435e-02
8.127483129501342773e-01 4.519691318273544312e-02 1.218549683690071106e-01 2.019975148141384125e-02
9.005923867225646973e-01 8.961260318756103516e-03 6.939578056335449219e-02 2.105057053267955780e-02
9.453125596046447754e-01 3.280164441093802452e-03 3.367185220122337341e-02 1.773537322878837585e-02
9.095603227615356445e-01 1.802347786724567413e-02 5.035191029310226440e-02 2.206432446837425232e-02
7.409885525703430176e-01 1.038479283452033997e-01 1.338826119899749756e-01 2.128089964389801025e-02
7.866670489311218262e-01 6.166725233197212219e-02 1.232565343379974365e-01 2.840916626155376434e-02
9.056638479232788086e-01 1.191756874322891235e-02 4.512165486812591553e-02 3.729698061943054199e-02
9.123091101646423340e-01 8.635208010673522949e-03 4.806245118379592896e-02 3.099332377314567566e-02
8.392432332038879395e-01 3.680331259965896606e-02 9.562595188617706299e-02 2.832745574414730072e-02
7.119309902191162109e-01 9.099844843149185181e-02 1.652086973190307617e-01 3.186182677745819092e-02
8.022845983505249023e-01 4.237890243530273438e-02 1.137811243534088135e-01 4.155541583895683289e-02
8.546708226203918457e-01 1.096256915479898453e-02 8.454867452383041382e-02 4.981788247823715210e-02
8.404980301856994629e-01 1.555811986327171326e-02 9.552260488271713257e-02 4.842125996947288513e-02
6.570924520492553711e-01 6.217603385448455811e-02 2.292409986257553101e-01 5.149061605334281921e-02
7.043852806091308594e-01 4.189408570528030396e-02 1.986921131610870361e-01 5.502852052450180054e-02
7.527099847793579102e-01 2.119615674018859863e-02 1.738192886114120483e-01 5.227460339665412903e-02
7.331915497779846191e-01 1.484058890491724014e-02 1.810092628002166748e-01 7.095862179994583130e-02
7.497254610061645508e-01 1.539196074008941650e-02 1.672256290912628174e-01 6.765699386596679688e-02
7.763754129409790039e-01 2.371896430850028992e-02 1.322718113660812378e-01 6.763380020856857300e-02
6.705217361450195312e-01 3.412538394331932068e-02 2.225375175476074219e-01 7.281538099050521851e-02
5.298023819923400879e-01 3.733507171273231506e-02 3.644720315933227539e-01 6.839049607515335083e-02
7.306591272354125977e-01 1.722765341401100159e-02 1.645421087741851807e-01 8.757117390632629395e-02
7.677373886108398438e-01 1.162108313292264938e-02 1.318155527114868164e-01 8.882599323987960815e-02
5.947269797325134277e-01 2.442383207380771637e-02 3.092240989208221436e-01 7.162513583898544312e-02
6.092109084129333496e-01 2.602608315646648407e-02 2.826494872570037842e-01 8.211356401443481445e-02
5.949815511703491211e-01 2.520170249044895172e-02 2.751388251781463623e-01 1.046779751777648926e-01
6.157441139221191406e-01 2.731774374842643738e-02 2.486765682697296143e-01 1.082616597414016724e-01
6.825282573699951172e-01 1.654268987476825714e-02 2.090321183204650879e-01 9.189688414335250854e-02
6.373022794723510742e-01 2.390398271381855011e-02 2.192108780145645142e-01 1.195829510688781738e-01
5.083418488502502441e-01 3.585591167211532593e-02 3.291963338851928711e-01 1.266058981418609619e-01
5.251668691635131836e-01 3.123025037348270416e-02 3.584560453891754150e-01 8.514686673879623413e-02
6.620239019393920898e-01 1.879429630935192108e-02 2.132821828126907349e-01 1.058996543288230896e-01
5.747790336608886719e-01 1.911409012973308563e-02 2.327359467744827271e-01 1.733708977699279785e-01
5.117522478103637695e-01 3.247153013944625854e-02 3.407544493675231934e-01 1.150217503309249878e-01
5.308198928833007812e-01 3.412349149584770203e-02 3.207601010799407959e-01 1.142965033650398254e-01
4.783061444759368896e-01 3.340751305222511292e-02 3.339951038360595703e-01 1.542911976575851440e-01
4.356175065040588379e-01 3.710467740893363953e-02 4.026015102863311768e-01 1.246763467788696289e-01
5.897843837738037109e-01 1.895872876048088074e-02 2.560347616672515869e-01 1.352221965789794922e-01
5.261178016662597656e-01 2.273775264620780945e-02 2.930624783039093018e-01 1.580819487571716309e-01
3.949695527553558350e-01 3.626302629709243774e-02 4.361289441585540771e-01 1.326385140419006348e-01
3.961578905582427979e-01 4.809603095054626465e-02 4.541085958480834961e-01 1.016375273466110229e-01
4.961221516132354736e-01 3.746126219630241394e-02 3.163271546363830566e-01 1.500893831253051758e-01
5.011916756629943848e-01 2.719493769109249115e-02 2.971469759941101074e-01 1.744663864374160767e-01
3.910228312015533447e-01 3.453592211008071899e-02 4.447435140609741211e-01 1.296977698802947998e-01
3.865417540073394775e-01 4.843584448099136353e-02 4.093241989612579346e-01 1.556982845067977905e-01
4.058571457862854004e-01 5.506975948810577393e-02 3.659493625164031982e-01 1.731237322092056274e-01
3.874290585517883301e-01 4.496510699391365051e-02 4.371871948242187500e-01 1.304185986518859863e-01
4.032064974308013916e-01 3.217862546443939209e-02 3.986401557922363281e-01 1.659746915102005005e-01
3.891502320766448975e-01 3.664964064955711365e-02 3.506848514080047607e-01 2.235153317451477051e-01
4.024261236190795898e-01 5.800573527812957764e-02 3.842686712741851807e-01 1.552994996309280396e-01
3.106462955474853516e-01 7.574819773435592651e-02 4.862165749073028564e-01 1.273889839649200439e-01
3.471921682357788086e-01 5.704257637262344360e-02 3.963772952556610107e-01 1.993879526853561401e-01
3.867073953151702881e-01 4.527552053332328796e-02 3.403283059597015381e-01 2.276888638734817505e-01
4.165466427803039551e-01 6.243066862225532532e-02 3.095906376838684082e-01 2.114320248365402222e-01
2.728381156921386719e-01 8.668652176856994629e-02 5.356568098068237305e-01 1.048186570405960083e-01
3.679433166980743408e-01 6.543763913214206696e-03 4.831170141696929932e-01 1.423959434032440186e-01
7.701820135116577148e-01 6.937770638614892960e-03 1.581046134233474731e-01 6.477565318346023560e-02
8.474538922309875488e-01 8.747711544856429100e-04 1.810494624078273773e-02 1.335663348436355591e-01
4.562774598598480225e-01 9.031675010919570923e-02 6.232966482639312744e-02 3.910762071609497070e-01
3.314441815018653870e-02 4.377971291542053223e-01 4.318890273571014404e-01 9.716936945915222168e-02
1.533482223749160767e-02 1.963807269930839539e-02 9.537481665611267090e-01 1.127899065613746643e-02
3.132393350824713707e-03 4.778958261013031006e-01 2.937111556529998779e-01 2.252605855464935303e-01
2.055597491562366486e-03 7.267115116119384766e-01 2.465929538011550903e-01 2.463993616402149200e-02
1.497423043474555016e-03 6.753506138920783997e-03 9.778868556022644043e-01 1.386223454028367996e-02
1.586052123457193375e-03 8.094369769096374512e-01 1.053947359323501587e-01 8.358234912157058716e-02
1.853744150139391422e-03 9.036859273910522461e-01 8.318281918764114380e-02 1.127758156508207321e-02
5.687293130904436111e-03 5.389720201492309570e-01 4.333733916282653809e-01 2.196726948022842407e-02
6.831085681915283203e-02 8.708860874176025391e-01 4.986395314335823059e-02 1.093909516930580139e-02
6.527538895606994629e-01 4.080718848854303360e-03 3.366108834743499756e-01 6.554468069225549698e-03
7.642265409231185913e-02 6.514695882797241211e-01 2.312044054269790649e-01 4.090337082743644714e-02
9.599793553352355957e-01 4.224968142807483673e-03 1.227994170039892197e-02 2.351567149162292480e-02
7.843159437179565430e-01 8.203687518835067749e-02 1.283780932426452637e-01 5.269065499305725098e-03
6.575343012809753418e-01 1.134064421057701111e-02 3.200004100799560547e-01 1.112469658255577087e-02
1.031460985541343689e-01 8.814638257026672363e-01 1.219674665480852127e-02 3.193327458575367928e-03
6.523398756980895996e-01 6.538459565490484238e-03 3.385109603404998779e-01 2.610740950331091881e-03
7.443016767501831055e-01 3.032263740897178650e-02 2.206504493951797485e-01 4.725225735455751419e-03
7.734394669532775879e-01 1.007079258561134338e-01 1.150016412138938904e-01 1.085101440548896790e-02
8.466378450393676758e-01 1.317893853411078453e-03 1.466273814439773560e-01 5.416853353381156921e-03
5.296187996864318848e-01 5.265883728861808777e-02 4.126248359680175781e-01 5.097586195915937424e-03
9.375413656234741211e-01 1.921884482726454735e-03 5.723119899630546570e-02 3.305503865703940392e-03
7.182387262582778931e-02 1.003139242529869080e-01 8.260626792907714844e-01 1.799535704776644707e-03
8.496729135513305664e-01 1.628607138991355896e-02 1.286889463663101196e-01 5.352105479687452316e-03
7.586596012115478516e-01 4.568630829453468323e-03 2.345434725284576416e-01 2.228311495855450630e-03
6.006966829299926758e-01 7.387001812458038330e-02 3.194702565670013428e-01 5.963004659861326218e-03
9.058195352554321289e-01 1.531611080281436443e-03 8.980255573987960815e-02 2.846308285370469093e-03
7.608311772346496582e-01 1.145163848996162415e-01 1.153196319937705994e-01 9.332848712801933289e-03
8.619363307952880859e-01 2.639715094119310379e-03 1.309228986501693726e-01 4.501072224229574203e-03
7.724915742874145508e-01 8.045952022075653076e-02 1.410267651081085205e-01 6.022100336849689484e-03
8.242360353469848633e-01 2.404727600514888763e-02 1.454125195741653442e-01 6.304171867668628693e-03
2.708953619003295898e-01 5.294490605592727661e-02 6.727856397628784180e-01 3.374092513695359230e-03
9.061592817306518555e-01 7.668759673833847046e-02 1.251740381121635437e-02 4.635687451809644699e-03
5.297008156776428223e-01 1.924839243292808533e-02 4.479181468486785889e-01 3.132739569991827011e-03
8.306828737258911133e-01 2.175348624587059021e-02 1.414260715246200562e-01 6.137505173683166504e-03
8.094688057899475098e-01 4.526223987340927124e-02 1.392610073089599609e-01 6.007933523505926132e-03
5.621802210807800293e-01 9.235619567334651947e-03 4.236113429069519043e-01 4.972783382982015610e-03
8.463337421417236328e-01 7.765649259090423584e-02 6.950295716524124146e-02 6.506734527647495270e-03
4.774611294269561768e-01 1.186637859791517258e-02 5.070020556449890137e-01 3.670462640002369881e-03
5.311627984046936035e-01 3.044439554214477539e-01 1.579771935939788818e-01 6.416027899831533432e-03
5.959818959236145020e-01 3.426998853683471680e-02 3.654475212097167969e-01 4.300663247704505920e-03
8.861414194107055664e-01 1.974871382117271423e-02 8.989014476537704468e-02 4.219729453325271606e-03
7.720755338668823242e-01 2.278930507600307465e-02 2.012218385934829712e-01 3.913380205631256104e-03
8.246951103210449219e-01 8.065534755587577820e-03 1.606324166059494019e-01 6.606929004192352295e-03
7.742248773574829102e-01 7.969994097948074341e-02 1.372759193181991577e-01 8.799230679869651794e-03
7.102492451667785645e-01 7.793808821588754654e-03 2.760852575302124023e-01 5.871739238500595093e-03
6.850498318672180176e-01 2.135563939809799194e-01 9.247268736362457275e-02 8.921054191887378693e-03
6.687412261962890625e-01 2.886962704360485077e-02 2.974667251110076904e-01 4.922489169985055923e-03
6.093744039535522461e-01 1.365351080894470215e-01 2.463608682155609131e-01 7.729661185294389725e-03
7.981179356575012207e-01 6.619355082511901855e-02 1.304048597812652588e-01 5.283671431243419647e-03
7.297298908233642578e-01 2.504600770771503448e-02 2.391262948513031006e-01 6.097843870520591736e-03
7.916262745857238770e-01 8.094368129968643188e-02 1.177874654531478882e-01 9.642583318054676056e-03
7.487186193466186523e-01 1.369792502373456955e-02 2.309830337762832642e-01 6.600481458008289337e-03
5.766091942787170410e-01 1.719934344291687012e-01 2.368150800466537476e-01 1.458228472620248795e-02
7.671391963958740234e-01 3.090727142989635468e-02 1.960936486721038818e-01 5.859923548996448517e-03
5.464342832565307617e-01 1.345328837633132935e-01 3.090619444847106934e-01 9.970837272703647614e-03
7.666070461273193359e-01 5.884076654911041260e-02 1.682010293006896973e-01 6.351161748170852661e-03
6.824021339416503906e-01 5.082435905933380127e-02 2.606467902660369873e-01 6.126730702817440033e-03
8.440687060356140137e-01 4.171941056847572327e-02 1.046395972371101379e-01 9.572277776896953583e-03
7.824665904045104980e-01 2.148333005607128143e-02 1.910187005996704102e-01 5.031415261328220367e-03
8.148290514945983887e-01 5.010971799492835999e-02 1.148642078042030334e-01 2.019704133272171021e-02
7.341991066932678223e-01 3.775439783930778503e-02 2.212719470262527466e-01 6.774504669010639191e-03
6.122280955314636230e-01 1.000596135854721069e-01 2.654767632484436035e-01 2.223563753068447113e-02
8.319476246833801270e-01 3.507418185472488403e-02 1.238187402486801147e-01 9.159483015537261963e-03
5.890436172485351562e-01 8.144681155681610107e-02 3.196624815464019775e-01 9.847154840826988220e-03
8.728749155998229980e-01 3.197092935442924500e-02 8.133942633867263794e-02 1.381475850939750671e-02
7.220890522003173828e-01 4.547063261270523071e-02 2.264882177114486694e-01 5.952085833996534348e-03
8.645954728126525879e-01 3.005998581647872925e-02 8.497560769319534302e-02 2.036893367767333984e-02
7.692302465438842773e-01 4.212938994169235229e-02 1.802654117345809937e-01 8.374943397939205170e-03
7.130774855613708496e-01 5.233795940876007080e-02 2.114066928625106812e-01 2.317785657942295074e-02
7.777665257453918457e-01 6.184918805956840515e-02 1.437006443738937378e-01 1.668359711766242981e-02
6.459261775016784668e-01 5.645035952329635620e-02 2.841280698776245117e-01 1.349541265517473221e-02
8.630056381225585938e-01 3.331843763589859009e-02 8.137967437505722046e-02 2.229620330035686493e-02
6.074490547180175781e-01 5.808876827359199524e-02 3.246392607688903809e-01 9.822916239500045776e-03
8.199230432510375977e-01 3.867335990071296692e-02 1.171350479125976562e-01 2.426853217184543610e-02
6.818574666976928711e-01 4.206169024109840393e-02 2.656636834144592285e-01 1.041713077574968338e-02
7.160602807998657227e-01 5.146240815520286560e-02 2.132843732833862305e-01 1.919296197593212128e-02
7.699465751647949219e-01 3.292985260486602783e-02 1.726537942886352539e-01 2.446977235376834869e-02
6.040135025978088379e-01 6.979434192180633545e-02 3.076757490634918213e-01 1.851636916399002075e-02
7.780466079711914062e-01 3.034244664013385773e-02 1.329472661018371582e-01 5.866368860006332397e-02
6.183590292930603027e-01 6.535889953374862671e-02 3.011995851993560791e-01 1.508253812789916992e-02
7.707361578941345215e-01 3.635595366358757019e-02 1.512809246778488159e-01 4.162701964378356934e-02
5.577595233917236328e-01 7.432945817708969116e-02 3.470388650894165039e-01 2.087210491299629211e-02
6.710627079010009766e-01 6.479490548372268677e-02 2.381202131509780884e-01 2.602215856313705444e-02
5.622494220733642578e-01 5.257151648402214050e-02 3.538436293601989746e-01 3.133544325828552246e-02
5.679079890251159668e-01 7.325832545757293701e-02 3.372053503990173340e-01 2.162832021713256836e-02
6.478885412216186523e-01 4.823054745793342590e-02 2.380092740058898926e-01 6.587170064449310303e-02
4.724848866462707520e-01 6.077191233634948730e-02 4.484070241451263428e-01 1.833613775670528412e-02
6.364730596542358398e-01 7.095905393362045288e-02 2.243453860282897949e-01 6.822256743907928467e-02
5.126010775566101074e-01 5.061593651771545410e-02 4.142945408821105957e-01 2.248846739530563354e-02
5.251607298851013184e-01 8.718826621770858765e-02 3.527545630931854248e-01 3.489644080400466919e-02
5.261778235435485840e-01 9.479919821023941040e-02 3.320099115371704102e-01 4.701302573084831238e-02
4.401502907276153564e-01 8.732168376445770264e-02 4.491283893585205078e-01 2.339964173734188080e-02
6.191715002059936523e-01 7.652965188026428223e-02 2.356707304716110229e-01 6.862805783748626709e-02
5.036194920539855957e-01 7.015044242143630981e-02 3.981504440307617188e-01 2.807967737317085266e-02
5.565705895423889160e-01 7.809098064899444580e-02 3.043823838233947754e-01 6.095613166689872742e-02
5.014159679412841797e-01 5.044322460889816284e-02 4.121536314487457275e-01 3.598717600107192993e-02
4.661402702331542969e-01 1.372750252485275269e-01 3.505655527114868164e-01 4.601913690567016602e-02
4.761662781238555908e-01 7.439691573381423950e-02 3.986828327178955078e-01 5.075402930378913879e-02
3.830344080924987793e-01 1.307727992534637451e-01 4.529336392879486084e-01 3.325918689370155334e-02
5.171964764595031738e-01 1.343843489885330200e-01 2.489515990018844604e-01 9.946756809949874878e-02
2.108080238103866577e-01 1.054846271872520447e-01 5.519155859947204590e-01 1.317917257547378540e-01
1.008238270878791809e-01 5.960893817245960236e-03 7.648561000823974609e-01 1.283592283725738525e-01
9.529905319213867188e-01 2.454319474054500461e-05 3.075164370238780975e-02 1.623328402638435364e-02
5.524742603302001953e-01 2.197218709625303745e-04 1.771894469857215881e-02 4.295870661735534668e-01
1.207305770367383957e-02 2.089306071866303682e-04 6.688737194053828716e-04 9.870490431785583496e-01
7.817745208740234375e-03 1.281419536098837852e-04 5.095974775031208992e-04 9.915446043014526367e-01
4.274794366210699081e-03 3.266436979174613953e-04 1.620634575374424458e-04 9.952365756034851074e-01
6.307045929133892059e-03 7.578174700029194355e-04 2.313511213287711143e-04 9.927037954330444336e-01
2.892678231000900269e-02 5.897560622543096542e-03 1.583753037266433239e-04 9.650171995162963867e-01
1.149889919906854630e-02 6.874952814541757107e-04 2.030740288319066167e-04 9.876105785369873047e-01
1.813519932329654694e-02 4.914464429020881653e-03 4.542040405794978142e-04 9.764961004257202148e-01
8.161351084709167480e-02 8.578965440392494202e-03 1.898134592920541763e-03 9.079093933105468750e-01
3.078975975513458252e-01 4.128865897655487061e-03 4.644085653126239777e-03 6.833294034004211426e-01
7.491749525070190430e-01 4.485534504055976868e-02 8.639005944132804871e-03 1.973306834697723389e-01
2.155135124921798706e-01 4.814266040921211243e-02 3.743926528841257095e-03 7.325999140739440918e-01
1.355566978454589844e-01 7.512946147471666336e-03 3.619906492531299591e-03 8.533104062080383301e-01
6.956467628479003906e-01 2.053583785891532898e-02 3.458718769252300262e-03 2.803586721420288086e-01
8.151214718818664551e-01 1.047923490405082703e-01 4.444866441190242767e-03 7.564137876033782959e-02
9.525912404060363770e-01 2.443250082433223724e-02 2.099281176924705505e-03 2.087697200477123260e-02
9.371958971023559570e-01 1.607252284884452820e-02 1.766410656273365021e-03 4.496509581804275513e-02
7.364610433578491211e-01 9.463876485824584961e-02 4.332081880420446396e-03 1.645681262016296387e-01
4.197699725627899170e-01 4.505510330200195312e-01 9.358738549053668976e-03 1.203202456235885620e-01
4.423291981220245361e-01 4.988369047641754150e-01 1.258409582078456879e-02 4.624982178211212158e-02
8.486975431442260742e-01 9.676678478717803955e-02 1.686334423720836639e-02 3.767226636409759521e-02
9.622098803520202637e-01 6.641436368227005005e-03 1.301067415624856949e-02 1.813804730772972107e-02
9.768714308738708496e-01 7.153416518121957779e-04 7.653356995433568954e-03 1.475985627621412277e-02
9.763582348823547363e-01 3.655540058389306068e-03 3.639936679974198341e-03 1.634638570249080658e-02
9.583807587623596191e-01 2.676274813711643219e-02 2.200162736698985100e-03 1.265635155141353607e-02
7.843099236488342285e-01 1.950463205575942993e-01 2.518116030842065811e-03 1.812563277781009674e-02
9.097162485122680664e-01 4.996941238641738892e-02 9.174775332212448120e-03 3.113956749439239502e-02
8.417050838470458984e-01 3.803909942507743835e-02 3.364462032914161682e-02 8.661118149757385254e-02
7.392395734786987305e-01 8.566035330295562744e-02 5.128215625882148743e-02 1.238179355859756470e-01
8.564860224723815918e-01 8.967451006174087524e-02 2.915284782648086548e-02 2.468667179346084595e-02
9.470500946044921875e-01 3.235355764627456665e-02 1.194860506802797318e-02 8.647736161947250366e-03
9.660774469375610352e-01 1.693955808877944946e-02 7.881353609263896942e-03 9.101675823330879211e-03
9.644169211387634277e-01 6.177269387990236282e-03 9.818509221076965332e-03 1.958733797073364258e-02
9.580569863319396973e-01 4.406960681080818176e-03 1.006238814443349838e-02 2.747367322444915771e-02
9.677581787109375000e-01 7.820659317076206207e-03 7.540186401456594467e-03 1.688097231090068817e-02
9.283908009529113770e-01 4.914843291044235229e-02 8.561251685023307800e-03 1.389951631426811218e-02
8.354331851005554199e-01 1.173201352357864380e-01 3.448540717363357544e-02 1.276127807796001434e-02
8.584632873535156250e-01 3.044578246772289276e-02 9.579772502183914185e-02 1.529325731098651886e-02
8.278993964195251465e-01 1.240045484155416489e-02 1.397869735956192017e-01 1.991308853030204773e-02
8.020181655883789062e-01 2.367457561194896698e-02 1.514523029327392578e-01 2.285496704280376434e-02
9.002653956413269043e-01 5.495080351829528809e-02 3.240684792399406433e-02 1.237693149596452713e-02
9.233723878860473633e-01 5.059660971164703369e-02 1.523370575159788132e-02 1.079735346138477325e-02
9.504917860031127930e-01 2.347998134791851044e-02 1.633782498538494110e-02 9.690457955002784729e-03
9.072831273078918457e-01 2.685031481087207794e-02 4.455879330635070801e-02 2.130777575075626373e-02
8.764169216156005859e-01 4.788038879632949829e-02 4.861583188176155090e-02 2.708682417869567871e-02
8.918185830116271973e-01 6.305040419101715088e-02 3.240414708852767944e-02 1.272691041231155396e-02
8.936765193939208984e-01 6.450220197439193726e-02 3.157168254256248474e-02 1.024952158331871033e-02
8.902714252471923828e-01 4.700527712702751160e-02 5.294239521026611328e-02 9.780982509255409241e-03
8.891106843948364258e-01 2.382300980389118195e-02 7.308046519756317139e-02 1.398587785661220551e-02
8.184492588043212891e-01 1.836801320314407349e-02 1.346430927515029907e-01 2.853966318070888519e-02
8.789853453636169434e-01 4.837178066372871399e-02 5.369050428271293640e-02 1.895241811871528625e-02
8.870777487754821777e-01 7.024391740560531616e-02 3.156850114464759827e-02 1.110989134758710861e-02
8.965207338333129883e-01 7.061728835105895996e-02 2.439163066446781158e-02 8.470344357192516327e-03
8.837633132934570312e-01 5.600650981068611145e-02 4.948062449693679810e-02 1.074960175901651382e-02
8.200783133506774902e-01 5.788173526525497437e-02 1.043616980314254761e-01 1.767825707793235779e-02
8.001409769058227539e-01 6.336630880832672119e-02 1.197693943977355957e-01 1.672336459159851074e-02
8.357457518577575684e-01 6.808638572692871094e-02 8.367191255092620850e-02 1.249599549919366837e-02
8.961864709854125977e-01 4.109293967485427856e-02 5.433389917016029358e-02 8.386706933379173279e-03
8.945439457893371582e-01 4.232720658183097839e-02 5.223841965198516846e-02 1.089042052626609802e-02
9.005718827247619629e-01 2.912170439958572388e-02 4.874714091420173645e-02 2.155924960970878601e-02
8.486229181289672852e-01 3.151452541351318359e-02 9.501712769269943237e-02 2.484541572630405426e-02
8.444978594779968262e-01 4.612648114562034607e-02 8.977509289979934692e-02 1.960060000419616699e-02
7.946323752403259277e-01 7.417015731334686279e-02 1.185503005981445312e-01 1.264722272753715515e-02
7.522156238555908203e-01 9.049504995346069336e-02 1.443577855825424194e-01 1.293149217963218689e-02
7.435603141784667969e-01 7.535626739263534546e-02 1.613315045833587646e-01 1.975188590586185455e-02
7.440282106399536133e-01 5.001041293144226074e-02 1.792797446250915527e-01 2.668162435293197632e-02
7.292600870132446289e-01 5.294683948159217834e-02 1.928786784410476685e-01 2.491436339914798737e-02
8.316042423248291016e-01 4.384325817227363586e-02 1.064013838768005371e-01 1.815113797783851624e-02
8.275651335716247559e-01 5.022398754954338074e-02 1.040054038166999817e-01 1.820553652942180634e-02
8.706856966018676758e-01 3.470943123102188110e-02 6.809138506650924683e-02 2.651354111731052399e-02
7.930106520652770996e-01 4.840079694986343384e-02 1.254235804080963135e-01 3.316498175263404846e-02
7.346960902214050293e-01 5.072077363729476929e-02 1.836858242750167847e-01 3.089724108576774597e-02
6.294838786125183105e-01 7.477729767560958862e-02 2.731301486492156982e-01 2.260870300233364105e-02
6.688561439514160156e-01 8.092451095581054688e-02 2.283480465412139893e-01 2.187125384807586670e-02
7.359721064567565918e-01 6.888128817081451416e-02 1.658917069435119629e-01 2.925490029156208038e-02
6.685976982116699219e-01 7.628095895051956177e-02 2.094698548316955566e-01 4.565150663256645203e-02
7.046719193458557129e-01 5.388782918453216553e-02 1.695553958415985107e-01 7.188487797975540161e-02
7.085692286491394043e-01 7.532089948654174805e-02 1.612871885299682617e-01 5.482276529073715210e-02
6.606644392013549805e-01 1.320259124040603638e-01 1.512410789728164673e-01 5.606862530112266541e-02
1.589068025350570679e-01 3.673833906650543213e-01 2.282686680555343628e-01 2.454411983489990234e-01
