1.724418550729751587e-01 3.229027688503265381e-01 2.479612678289413452e-01 2.566941976547241211e-01
1.862956434488296509e-01 2.748872935771942139e-01 2.278473377227783203e-01 3.109697699546813965e-01
1.374042406678199768e-02 6.034978665411472321e-03 6.938257813453674316e-01 2.863988280296325684e-01
1.748232170939445496e-02 1.070870086550712585e-03 8.813139796257019043e-01 1.001328378915786743e-01
3.723703697323799133e-02 1.528127322671934962e-04 1.206421572715044022e-02 9.505458474159240723e-01
5.698247998952865601e-02 2.641152241267263889e-04 5.988921970129013062e-03 9.367644786834716797e-01
3.233498707413673401e-02 2.712020068429410458e-04 2.851225808262825012e-02 9.388815760612487793e-01
1.047577243298292160e-02 3.117288579232990742e-04 1.016829512082040310e-03 9.881956577301025391e-01
9.726538322865962982e-03 1.658049150137230754e-04 5.832280730828642845e-04 9.895244240760803223e-01
9.507223032414913177e-03 1.865495287347584963e-04 9.719143272377550602e-04 9.893342852592468262e-01
1.110293157398700714e-02 2.523767179809510708e-04 6.755369249731302261e-04 9.879691600799560547e-01
1.324651110917329788e-02 1.581506949150934815e-04 5.631789099425077438e-04 9.860322475433349609e-01
4.586036875844001770e-02 1.815324212657287717e-04 1.573284505866467953e-03 9.523847699165344238e-01
1.622855067253112793e-01 3.180951462127268314e-04 5.294812377542257309e-03 8.321015834808349609e-01
4.870705902576446533e-01 6.921154563315212727e-04 2.767007984220981598e-02 4.845672845840454102e-01
6.352356076240539551e-02 1.658404828049242496e-03 3.559998469427227974e-03 9.312579631805419922e-01
3.454378545284271240e-01 2.735239686444401741e-03 3.295697970315814018e-03 6.485311985015869141e-01
5.515279769897460938e-01 7.076273206621408463e-03 5.983688402920961380e-03 4.354121088981628418e-01
6.129985451698303223e-01 5.082181096076965332e-02 4.132613167166709900e-02 2.948535680770874023e-01
8.052623867988586426e-01 5.107597261667251587e-02 4.722644016146659851e-02 9.643521159887313843e-02
8.051627874374389648e-01 9.062673151493072510e-02 7.063578069210052490e-02 3.357463702559471130e-02
9.464654922485351562e-01 1.563315466046333313e-02 5.006915889680385590e-03 3.289438039064407349e-02
9.553679227828979492e-01 8.070815354585647583e-03 2.286002505570650101e-03 3.427523374557495117e-02
9.661356806755065918e-01 3.941122442483901978e-03 8.964731823652982712e-04 2.902674861252307892e-02
9.398806691169738770e-01 6.906232796609401703e-03 3.582772333174943924e-03 4.963026195764541626e-02
8.892863988876342773e-01 6.227556616067886353e-03 1.367328502237796783e-02 9.081277251243591309e-02
8.459867835044860840e-01 1.411279290914535522e-02 5.087812244892120361e-02 8.902227878570556641e-02
7.114555239677429199e-01 1.123610418289899826e-02 1.179345324635505676e-01 1.593738496303558350e-01
8.392754197120666504e-01 1.992171443998813629e-02 6.324841082096099854e-02 7.755448669195175171e-02
7.901535630226135254e-01 3.272150456905364990e-02 3.158448264002799988e-02 1.455405354499816895e-01
8.158679604530334473e-01 3.878243267536163330e-02 2.819409221410751343e-02 1.171554923057556152e-01
8.508632779121398926e-01 7.128694653511047363e-02 4.446271434426307678e-02 3.338716551661491394e-02
8.984551429748535156e-01 5.289319902658462524e-02 2.189338952302932739e-02 2.675830014050006866e-02
8.181954622268676758e-01 1.062913388013839722e-01 5.271176621317863464e-02 2.280140481889247894e-02
9.321058988571166992e-01 3.308701142668724060e-02 1.751060597598552704e-02 1.729653403162956238e-02
9.685944318771362305e-01 1.051772385835647583e-02 6.000009365379810333e-03 1.488784793764352798e-02
9.611487388610839844e-01 1.572953909635543823e-02 7.838750258088111877e-03 1.528298947960138321e-02
9.716242551803588867e-01 9.201907552778720856e-03 1.712700584903359413e-03 1.746115088462829590e-02
9.646928310394287109e-01 1.253903191536664963e-02 4.740765783935785294e-03 1.802736707031726837e-02
9.512680768966674805e-01 1.250095106661319733e-02 1.014602277427911758e-02 2.608492970466613770e-02
9.460587501525878906e-01 1.603393815457820892e-02 9.984587319195270538e-03 2.792277187108993530e-02
7.837047576904296875e-01 7.254096120595932007e-02 9.602411091327667236e-02 4.773016646504402161e-02
8.333265185356140137e-01 4.953416809439659119e-02 7.546167820692062378e-02 4.167763143777847290e-02
5.394273996353149414e-01 1.542857885360717773e-01 2.486227005720138550e-01 5.766416341066360474e-02
5.861170291900634766e-01 1.885805428028106689e-01 1.870118379592895508e-01 3.829058632254600525e-02
7.632483243942260742e-01 1.312524080276489258e-01 6.955295801162719727e-02 3.594633936882019043e-02
7.739232182502746582e-01 1.313219368457794189e-01 6.678131967782974243e-02 2.797350846230983734e-02
9.066041707992553711e-01 6.628601998090744019e-02 1.242646016180515289e-02 1.468340586870908737e-02
9.144299626350402832e-01 5.753182992339134216e-02 1.446146517992019653e-02 1.357677858322858810e-02
9.085111618041992188e-01 6.372541189193725586e-02 1.423012558370828629e-02 1.353331189602613449e-02
9.319927692413330078e-01 4.680215194821357727e-02 8.999992161989212036e-03 1.220513973385095596e-02
8.671692013740539551e-01 8.941756188869476318e-02 2.702299132943153381e-02 1.639024168252944946e-02
8.716779947280883789e-01 8.174697309732437134e-02 2.474955841898918152e-02 2.182543091475963593e-02
7.657621502876281738e-01 1.463104486465454102e-01 5.970084667205810547e-02 2.822659164667129517e-02
7.743474245071411133e-01 1.365972161293029785e-01 5.135669186711311340e-02 3.769865259528160095e-02
7.848348021507263184e-01 1.160871386528015137e-01 5.797956138849258423e-02 4.109852388501167297e-02
8.011674880981445312e-01 1.027251631021499634e-01 6.108448654413223267e-02 3.502291068434715271e-02
7.390003800392150879e-01 1.135994642972946167e-01 8.353834599256515503e-02 6.386186182498931885e-02
8.344591856002807617e-01 8.081241697072982788e-02 4.641433432698249817e-02 3.831405192613601685e-02
7.972885370254516602e-01 1.111261770129203796e-01 5.519836395978927612e-02 3.638694435358047485e-02
8.091444969177246094e-01 1.118070706725120544e-01 4.135547578334808350e-02 3.769293427467346191e-02
7.009105086326599121e-01 1.978637278079986572e-01 7.309550791978836060e-02 2.813026309013366699e-02
7.063519954681396484e-01 1.971053481101989746e-01 6.658665090799331665e-02 2.995604090392589569e-02
6.547565460205078125e-01 2.330714613199234009e-01 8.415716141462326050e-02 2.801486849784851074e-02
6.280872225761413574e-01 2.669984400272369385e-01 8.266561478376388550e-02 2.224869094789028168e-02
7.137007713317871094e-01 1.857002377510070801e-01 6.930603086948394775e-02 3.129294887185096741e-02
6.314607858657836914e-01 2.196439355611801147e-01 1.120620891451835632e-01 3.683323040604591370e-02
6.341088414192199707e-01 1.800096631050109863e-01 1.355614513158798218e-01 5.031998828053474426e-02
6.491352915763854980e-01 1.414124667644500732e-01 1.331983208656311035e-01 7.625386863946914673e-02
6.294859051704406738e-01 1.408732086420059204e-01 1.425925791263580322e-01 8.704835176467895508e-02
6.638230085372924805e-01 1.058231219649314880e-01 9.544960409402847290e-02 1.349042207002639771e-01
7.430932521820068359e-01 6.393251568078994751e-02 8.980745822191238403e-02 1.031667664647102356e-01
7.467766404151916504e-01 5.257174372673034668e-02 1.078132390975952148e-01 9.283840656280517578e-02
7.845150232315063477e-01 4.244743660092353821e-02 9.393269568681716919e-02 7.910488545894622803e-02
7.898956537246704102e-01 5.222715809941291809e-02 9.046382457017898560e-02 6.741337478160858154e-02
7.747288942337036133e-01 7.812149077653884888e-02 6.878621876239776611e-02 7.836345583200454712e-02
7.417581081390380859e-01 9.612762928009033203e-02 9.179456532001495361e-02 7.031975686550140381e-02
6.627207398414611816e-01 1.560483872890472412e-01 1.075112298130989075e-01 7.371971011161804199e-02
6.225200891494750977e-01 1.395471692085266113e-01 1.517218053340911865e-01 8.621095865964889526e-02
5.914971232414245605e-01 1.128223985433578491e-01 2.121280431747436523e-01 8.355244994163513184e-02
6.546605229377746582e-01 1.010908335447311401e-01 1.474731713533401489e-01 9.677546471357345581e-02
6.235646605491638184e-01 1.014450117945671082e-01 1.742882579565048218e-01 1.007021367549896240e-01
6.151023507118225098e-01 1.015286520123481750e-01 1.476922929286956787e-01 1.356767117977142334e-01
5.899706482887268066e-01 9.778936207294464111e-02 1.648735702037811279e-01 1.473663896322250366e-01
4.899326860904693604e-01 1.001317575573921204e-01 2.523348033428192139e-01 1.576006859540939331e-01
6.027480959892272949e-01 7.924242317676544189e-02 1.711303144693374634e-01 1.468791067600250244e-01
5.910198092460632324e-01 8.226791769266128540e-02 1.763041019439697266e-01 1.504081785678863525e-01
6.925707459449768066e-01 6.856171041727066040e-02 1.112823262810707092e-01 1.275852024555206299e-01
7.274193167686462402e-01 5.243401229381561279e-02 8.954609185457229614e-02 1.306005269289016724e-01
6.876973509788513184e-01 7.282197475433349609e-02 1.227131709456443787e-01 1.167674511671066284e-01
6.623383164405822754e-01 5.623913556337356567e-02 1.111031770706176758e-01 1.703194081783294678e-01
6.254662275314331055e-01 8.353351801633834839e-02 1.532699167728424072e-01 1.377303749322891235e-01
6.442946195602416992e-01 8.360268175601959229e-02 1.481104046106338501e-01 1.239921897649765015e-01
6.446815133094787598e-01 8.497413992881774902e-02 1.506785154342651367e-01 1.196658089756965637e-01
5.539973378181457520e-01 1.155153140425682068e-01 2.101791203022003174e-01 1.203082650899887085e-01
5.259708166122436523e-01 9.515020996332168579e-02 2.116201519966125488e-01 1.672589033842086792e-01
4.865209758281707764e-01 9.902163594961166382e-02 2.582457065582275391e-01 1.562117338180541992e-01
4.712720215320587158e-01 1.097971424460411072e-01 2.399325668811798096e-01 1.789983063936233521e-01
4.793504476547241211e-01 1.016164273023605347e-01 2.187977284193038940e-01 2.002353072166442871e-01
4.917109310626983643e-01 1.094668209552764893e-01 2.355038225650787354e-01 1.633185148239135742e-01
5.389806628227233887e-01 9.327337890863418579e-02 1.914459168910980225e-01 1.763000935316085815e-01
5.096749067306518555e-01 1.058061867952346802e-01 2.273913323879241943e-01 1.571276485919952393e-01
4.850165843963623047e-01 1.013374477624893188e-01 2.361821383237838745e-01 1.774639189243316650e-01
4.897333979606628418e-01 1.053455621004104614e-01 2.260725498199462891e-01 1.788484901189804077e-01
4.629720449447631836e-01 1.284423619508743286e-01 2.701236903667449951e-01 1.384618431329727173e-01
5.404655933380126953e-01 8.637260645627975464e-02 2.187740057706832886e-01 1.543878018856048584e-01
3.995865285396575928e-01 8.561836928129196167e-02 2.938126921653747559e-01 2.209824621677398682e-01
2.270546741783618927e-02 1.769653055816888809e-03 1.417430862784385681e-02 9.613505005836486816e-01
1.457261946052312851e-02 1.626929151825606823e-03 5.113506913185119629e-01 4.724498093128204346e-01
6.744284182786941528e-03 2.024110406637191772e-03 4.326587617397308350e-01 5.585728883743286133e-01
2.581936493515968323e-02 1.924955635331571102e-03 4.298709034919738770e-01 5.423848032951354980e-01
5.366521887481212616e-03 2.567420015111565590e-04 9.948559105396270752e-03 9.844281673431396484e-01
3.561207093298435211e-03 7.738589774817228317e-04 2.383561432361602783e-02 9.718292951583862305e-01
9.086939692497253418e-02 6.804626318626105785e-04 1.860550194978713989e-01 7.223951220512390137e-01
1.301197241991758347e-02 2.157027367502450943e-03 5.267726257443428040e-02 9.321538209915161133e-01
6.330124568194150925e-03 7.964775897562503815e-03 5.193443223834037781e-02 9.337706565856933594e-01
3.916918486356735229e-02 1.199350575916469097e-03 2.485184185206890106e-02 9.347795844078063965e-01
9.201441891491413116e-03 1.677467138506472111e-03 2.570244669914245605e-01 7.320966720581054688e-01
1.693612784147262573e-01 5.559007404372096062e-04 3.169437497854232788e-02 7.983884215354919434e-01
1.636156141757965088e-01 5.266119260340929031e-04 1.309901326894760132e-01 7.048676609992980957e-01
2.007635496556758881e-02 3.977904096245765686e-03 7.949776053428649902e-01 1.809682101011276245e-01
2.951875515282154083e-02 3.376933746039867401e-04 2.096189744770526886e-02 9.491817355155944824e-01
2.726198136806488037e-01 1.083741080947220325e-03 1.645380109548568726e-01 5.617585182189941406e-01
1.502233557403087616e-02 6.156681571155786514e-03 9.106928706169128418e-01 6.812817603349685669e-02
3.582752496004104614e-02 4.011994227766990662e-03 8.178830146789550781e-01 1.422774195671081543e-01
3.035700023174285889e-01 6.108992383815348148e-04 3.750686347484588623e-02 6.583122611045837402e-01
3.728030920028686523e-01 1.665092539042234421e-03 1.441618502140045166e-01 4.813699722290039062e-01
8.564603514969348907e-03 4.223569296300411224e-03 9.707556366920471191e-01 1.645626127719879150e-02
2.033621668815612793e-01 1.062325481325387955e-02 5.297303795814514160e-01 2.562841475009918213e-01
7.841454148292541504e-01 1.188597641885280609e-03 7.509018480777740479e-02 1.395757347345352173e-01
7.499361038208007812e-01 9.910520166158676147e-04 1.083096340298652649e-01 1.407632082700729370e-01
1.955756545066833496e-01 8.250022307038307190e-03 5.891838669776916504e-01 2.069904804229736328e-01
2.047699242830276489e-01 1.161439158022403717e-02 6.374828815460205078e-01 1.461328268051147461e-01
5.671405196189880371e-01 8.119338192045688629e-03 3.320243358612060547e-01 9.271587431430816650e-02
8.851271867752075195e-01 1.405298360623419285e-03 4.746371135115623474e-02 6.600385159254074097e-02
7.166190147399902344e-01 2.629216760396957397e-03 1.420703977346420288e-01 1.386813670396804810e-01
2.366540580987930298e-01 1.902855001389980316e-02 6.477472186088562012e-01 9.657022356986999512e-02
2.855888605117797852e-01 1.815189234912395477e-02 6.411910653114318848e-01 5.506811290979385376e-02
8.236704468727111816e-01 5.325499456375837326e-03 1.213120296597480774e-01 4.969203472137451172e-02
7.984731793403625488e-01 3.306091995909810066e-03 1.049859374761581421e-01 9.323488175868988037e-02
5.359659194946289062e-01 1.169445738196372986e-02 3.607532083988189697e-01 9.158650785684585571e-02
4.125817418098449707e-01 2.306938171386718750e-02 5.049977898597717285e-01 5.935119464993476868e-02
8.245714902877807617e-01 9.200904518365859985e-03 1.200395524501800537e-01 4.618801921606063843e-02
7.112480998039245605e-01 1.924323476850986481e-02 2.206358164548873901e-01 4.887287318706512451e-02
6.031962037086486816e-01 1.838281378149986267e-02 3.337244689464569092e-01 4.469656199216842651e-02
7.942191958427429199e-01 7.551861926913261414e-03 1.339852660894393921e-01 6.424373388290405273e-02
8.419539928436279297e-01 8.128073997795581818e-03 1.100952699780464172e-01 3.982271626591682434e-02
6.639786958694458008e-01 4.246658086776733398e-02 2.650198340415954590e-01 2.853485941886901855e-02
6.724861860275268555e-01 5.764047801494598389e-02 2.324970364570617676e-01 3.737632930278778076e-02
8.597590327262878418e-01 1.361291203647851944e-02 8.898930251598358154e-02 3.763874247670173645e-02
8.985949754714965820e-01 4.806433338671922684e-03 5.824549868702888489e-02 3.835305944085121155e-02
7.153292894363403320e-01 2.436578832566738129e-02 2.261724174022674561e-01 3.413245081901550293e-02
7.141626477241516113e-01 6.486580520868301392e-02 1.920425146818161011e-01 2.892898768186569214e-02
7.629017829895019531e-01 5.671093612909317017e-02 1.540155261754989624e-01 2.637179009616374969e-02
7.755905389785766602e-01 2.550692111253738403e-02 1.613472104072570801e-01 3.755531832575798035e-02
8.664299249649047852e-01 1.302684471011161804e-02 8.352332562208175659e-02 3.701991587877273560e-02
7.917968034744262695e-01 3.923519328236579895e-02 1.345309019088745117e-01 3.443703055381774902e-02
6.429842114448547363e-01 1.222753822803497314e-01 2.071038782596588135e-01 2.763656340539455414e-02
7.076458930969238281e-01 1.065701544284820557e-01 1.530912667512893677e-01 3.269271180033683777e-02
8.444539904594421387e-01 2.628334611654281616e-02 8.876081556081771851e-02 4.050186648964881897e-02
9.072934389114379883e-01 1.113681681454181671e-02 4.404525458812713623e-02 3.752451762557029724e-02
8.416213393211364746e-01 5.109257996082305908e-02 6.786447018384933472e-02 3.942159935832023621e-02
6.160541176795959473e-01 1.996457278728485107e-01 1.539429575204849243e-01 3.035719506442546844e-02
6.945384144783020020e-01 1.242991462349891663e-01 1.393078416585922241e-01 4.185456410050392151e-02
8.571612238883972168e-01 2.969918213784694672e-02 5.238262191414833069e-02 6.075703352689743042e-02
8.613579273223876953e-01 2.391118742525577545e-02 5.938334763050079346e-02 5.534749105572700500e-02
7.566832304000854492e-01 8.370961993932723999e-02 1.150427162647247314e-01 4.456453025341033936e-02
6.165674328804016113e-01 1.622949242591857910e-01 1.779384762048721313e-01 4.319921880960464478e-02
7.290480136871337891e-01 8.521284162998199463e-02 1.254557371139526367e-01 6.028337404131889343e-02
7.944239974021911621e-01 2.695588394999504089e-02 9.790419042110443115e-02 8.071589469909667969e-02
7.717952728271484375e-01 3.784064203500747681e-02 1.128351464867591858e-01 7.752897590398788452e-02
5.669241547584533691e-01 1.158630177378654480e-01 2.483520060777664185e-01 6.886085122823715210e-02
6.259760260581970215e-01 8.295613527297973633e-02 2.167329341173171997e-01 7.433502376079559326e-02
6.845558881759643555e-01 4.613559320569038391e-02 1.931307762861251831e-01 7.617769390344619751e-02
6.621419787406921387e-01 3.370212763547897339e-02 1.990999579429626465e-01 1.050558537244796753e-01
6.634248495101928711e-01 3.719960153102874756e-02 1.959233433008193970e-01 1.034521833062171936e-01
6.960765719413757324e-01 5.251701548695564270e-02 1.566875576972961426e-01 9.471890330314636230e-02
5.938601493835449219e-01 6.791046261787414551e-02 2.424952238798141479e-01 9.573425352573394775e-02
4.754959344863891602e-01 7.039204984903335571e-02 3.607417941093444824e-01 9.337012469768524170e-02
6.562107801437377930e-01 3.754155710339546204e-02 1.845032274723052979e-01 1.217444166541099548e-01
6.824254989624023438e-01 2.869061753153800964e-02 1.606210619211196899e-01 1.282628774642944336e-01
5.130979418754577637e-01 5.152430012822151184e-02 3.340484499931335449e-01 1.013293489813804626e-01
5.364450812339782715e-01 5.204035341739654541e-02 3.030581772327423096e-01 1.084564700722694397e-01
5.309315919876098633e-01 4.944553226232528687e-02 2.854630351066589355e-01 1.341598629951477051e-01
5.459651350975036621e-01 5.417929217219352722e-02 2.578451335430145264e-01 1.420104205608367920e-01
5.933240056037902832e-01 3.708194941282272339e-02 2.416798025369644165e-01 1.279142200946807861e-01
5.598691701889038086e-01 4.846477881073951721e-02 2.394810467958450317e-01 1.521850824356079102e-01
4.526481628417968750e-01 6.481915712356567383e-02 3.286507129669189453e-01 1.538819968700408936e-01
4.726076126098632812e-01 5.848514288663864136e-02 3.591388761997222900e-01 1.097684502601623535e-01
5.835276842117309570e-01 4.017401859164237976e-02 2.362954318523406982e-01 1.400029212236404419e-01
4.988345503807067871e-01 3.868996724486351013e-02 2.491991370916366577e-01 2.132763564586639404e-01
4.431264102458953857e-01 6.131096184253692627e-02 3.513205647468566895e-01 1.442420929670333862e-01
4.742407798767089844e-01 6.114877760410308838e-02 3.248678445816040039e-01 1.397426426410675049e-01
4.303869009017944336e-01 5.854614824056625366e-02 3.289960026741027832e-01 1.820709854364395142e-01
3.782158792018890381e-01 6.551764160394668579e-02 4.037994444370269775e-01 1.524670422077178955e-01
5.095122456550598145e-01 3.819988295435905457e-02 2.801174223423004150e-01 1.721705347299575806e-01
4.623941183090209961e-01 4.336544126272201538e-02 3.008219003677368164e-01 1.934185028076171875e-01
3.556876480579376221e-01 6.204954162240028381e-02 4.214753210544586182e-01 1.607875525951385498e-01
3.513313829898834229e-01 7.951584458351135254e-02 4.488162100315093994e-01 1.203365549445152283e-01
4.394441246986389160e-01 6.520701199769973755e-02 3.190256059169769287e-01 1.763232946395874023e-01
4.390796422958374023e-01 4.945475235581398010e-02 3.017846047878265381e-01 2.096810191869735718e-01
3.445341587066650391e-01 5.923249572515487671e-02 4.397228956222534180e-01 1.565104126930236816e-01
3.542758822441101074e-01 7.684116810560226440e-02 3.911300301551818848e-01 1.777529269456863403e-01
3.708306550979614258e-01 8.523737639188766479e-02 3.516421318054199219e-01 1.922898888587951660e-01
3.424000740051269531e-01 7.396242022514343262e-02 4.305174648761749268e-01 1.531199812889099121e-01
3.461387157440185547e-01 5.489980429410934448e-02 4.004023969173431396e-01 1.985590159893035889e-01
3.506510555744171143e-01 5.928179994225502014e-02 3.388327062129974365e-01 2.512345016002655029e-01
3.748079240322113037e-01 8.761021494865417480e-02 3.632957935333251953e-01 1.742860972881317139e-01
2.891881763935089111e-01 1.076239198446273804e-01 4.618526399135589600e-01 1.413352936506271362e-01
3.164688050746917725e-01 8.508419990539550781e-02 3.804706633090972900e-01 2.179763764142990112e-01
3.525124788284301758e-01 6.938249617815017700e-02 3.272306323051452637e-01 2.508744299411773682e-01
3.887580931186676025e-01 9.017757326364517212e-02 2.946822345256805420e-01 2.263821065425872803e-01
2.363440096378326416e-01 1.288379430770874023e-01 5.160937309265136719e-01 1.187242940068244934e-01
2.363407909870147705e-01 1.966132037341594696e-02 5.287005901336669922e-01 2.152973264455795288e-01
5.276569724082946777e-01 5.499341338872909546e-02 2.777155637741088867e-01 1.396340727806091309e-01
7.296382188796997070e-01 3.558099037036299706e-03 1.665549352765083313e-02 2.501482963562011719e-01
3.032006919384002686e-01 2.483747303485870361e-01 1.012842804193496704e-01 3.471403419971466064e-01
5.142598971724510193e-02 4.795835018157958984e-01 3.785406053066253662e-01 9.044980257749557495e-02
8.923742920160293579e-03 5.381971225142478943e-02 9.244890213012695312e-01 1.276758685708045959e-02
5.510932765901088715e-03 4.447771906852722168e-01 3.899802267551422119e-01 1.597317308187484741e-01
4.368554335087537766e-03 5.780626535415649414e-01 3.969683647155761719e-01 2.060043253004550934e-02
2.405126579105854034e-03 1.252893358469009399e-02 9.566343426704406738e-01 2.843161113560199738e-02
4.810322076082229614e-03 7.307364344596862793e-01 1.981638371944427490e-01 6.628943234682083130e-02
4.531377460807561874e-03 8.457496166229248047e-01 1.391170322895050049e-01 1.060203276574611664e-02
9.152000769972801208e-03 4.814643263816833496e-01 4.893381297588348389e-01 2.004562504589557648e-02
4.136237874627113342e-02 9.015416502952575684e-01 4.948614910244941711e-02 7.609826046973466873e-03
4.432581961154937744e-01 1.895850710570812225e-02 5.201969146728515625e-01 1.758640073239803314e-02
5.398343130946159363e-02 7.103133201599121094e-01 2.059980779886245728e-01 2.970516122877597809e-02
9.089453220367431641e-01 1.932568289339542389e-02 2.214661985635757446e-02 4.958240315318107605e-02
4.745834469795227051e-01 3.565698564052581787e-01 1.600344479084014893e-01 8.812170475721359253e-03
4.839193224906921387e-01 4.468949511647224426e-02 4.458422660827636719e-01 2.554890699684619904e-02
6.043735891580581665e-02 9.237272143363952637e-01 1.332186162471771240e-02 2.513524610549211502e-03
4.662422835826873779e-01 2.773631922900676727e-02 4.994467794895172119e-01 6.574588827788829803e-03
5.233559012413024902e-01 1.540271043777465820e-01 3.116970360279083252e-01 1.092005427926778793e-02
6.244453191757202148e-01 2.451032698154449463e-01 1.139513626694679260e-01 1.650003716349601746e-02
6.111258864402770996e-01 8.777747862040996552e-03 3.613402247428894043e-01 1.875611953437328339e-02
4.110555648803710938e-01 1.578664481639862061e-01 4.214498400688171387e-01 9.628256782889366150e-03
8.403192162513732910e-01 1.496133673936128616e-02 1.322102248668670654e-01 1.250921841710805893e-02
6.407962739467620850e-02 2.096925079822540283e-01 7.230940461158752441e-01 3.133827820420265198e-03
7.215538024902343750e-01 7.847899198532104492e-02 1.865377426147460938e-01 1.342955511063337326e-02
5.539417266845703125e-01 2.459021285176277161e-02 4.147764444351196289e-01 6.691677030175924301e-03
4.874637722969055176e-01 1.868497133255004883e-01 3.150249123573303223e-01 1.066162344068288803e-02
7.946223616600036621e-01 9.188639931380748749e-03 1.854527443647384644e-01 1.073630992323160172e-02
5.507681369781494141e-01 3.020642399787902832e-01 1.328750103712081909e-01 1.429262477904558182e-02
7.528052330017089844e-01 1.162275951355695724e-02 2.216717302799224854e-01 1.390028744935989380e-02
5.399620532989501953e-01 2.658169865608215332e-01 1.828421205282211304e-01 1.137889456003904343e-02
7.321664690971374512e-01 8.000741153955459595e-02 1.742345541715621948e-01 1.359167695045471191e-02
1.949547827243804932e-01 1.308681517839431763e-01 6.681043505668640137e-01 6.072681862860918045e-03
8.206666111946105957e-01 1.575646549463272095e-01 1.420401874929666519e-02 7.564763538539409637e-03
4.096450507640838623e-01 5.839213728904724121e-02 5.249366760253906250e-01 7.026088889688253403e-03
7.289623022079467773e-01 7.521972060203552246e-02 1.823676824569702148e-01 1.345024723559617996e-02
6.991040110588073730e-01 1.264843344688415527e-01 1.624291390180587769e-01 1.198252011090517044e-02
4.172738492488861084e-01 2.794873155653476715e-02 5.432996749877929688e-01 1.147780194878578186e-02
7.159612178802490234e-01 1.918696761131286621e-01 8.092686533927917480e-02 1.124226581305265427e-02
3.660084605216979980e-01 3.282009437680244446e-02 5.928185582160949707e-01 8.352829143404960632e-03
3.420713245868682861e-01 5.125894546508789062e-01 1.374730914831161499e-01 7.866221480071544647e-03
4.928416311740875244e-01 9.199121594429016113e-02 4.063411653041839600e-01 8.826076984405517578e-03
7.890639901161193848e-01 7.504095882177352905e-02 1.261681616306304932e-01 9.726862423121929169e-03
6.662684082984924316e-01 7.339338958263397217e-02 2.515049576759338379e-01 8.833355270326137543e-03
7.316409349441528320e-01 2.730610594153404236e-02 2.248687148094177246e-01 1.618422009050846100e-02
6.613985896110534668e-01 1.746731698513031006e-01 1.498455256223678589e-01 1.408276893198490143e-02
5.877170562744140625e-01 2.403023838996887207e-02 3.740139901638031006e-01 1.423867605626583099e-02
5.671021342277526855e-01 3.309198319911956787e-01 9.033139050006866455e-02 1.164670102298259735e-02
5.627276301383972168e-01 7.815831154584884644e-02 3.487462699413299561e-01 1.036769896745681763e-02
5.131126642227172852e-01 2.439024895429611206e-01 2.312663346529006958e-01 1.171860657632350922e-02
7.032661437988281250e-01 1.462968885898590088e-01 1.409339457750320435e-01 9.502988308668136597e-03
6.363350749015808105e-01 6.753809005022048950e-02 2.833611667156219482e-01 1.276573818176984787e-02
7.110610008239746094e-01 1.509686261415481567e-01 1.230474784970283508e-01 1.492302399128675461e-02
6.521268486976623535e-01 3.930879384279251099e-02 2.937079966068267822e-01 1.485637947916984558e-02
4.833509027957916260e-01 2.643936872482299805e-01 2.331554740667343140e-01 1.909992098808288574e-02
6.821182370185852051e-01 7.861892133951187134e-02 2.275876104831695557e-01 1.167529169470071793e-02
4.595500528812408447e-01 2.265412509441375732e-01 2.993358671665191650e-01 1.457289140671491623e-02
6.972365379333496094e-01 1.189144328236579895e-01 1.728697419166564941e-01 1.097937300801277161e-02
5.927128791809082031e-01 1.139504015445709229e-01 2.820568680763244629e-01 1.127978973090648651e-02
7.870553135871887207e-01 8.376535773277282715e-02 1.133276596665382385e-01 1.585168577730655670e-02
6.987781524658203125e-01 5.897656828165054321e-02 2.314520031213760376e-01 1.079332549124956131e-02
7.344561815261840820e-01 1.009850576519966125e-01 1.336421668529510498e-01 3.091659769415855408e-02
6.622193455696105957e-01 8.521252125501632690e-02 2.399599403142929077e-01 1.260818354785442352e-02
4.982802569866180420e-01 1.817757785320281982e-01 2.883571386337280273e-01 3.158677741885185242e-02
7.791746258735656738e-01 7.393229007720947266e-02 1.312198787927627563e-01 1.567317545413970947e-02
5.009354352951049805e-01 1.544269174337387085e-01 3.288540840148925781e-01 1.578361168503761292e-02
8.297561407089233398e-01 6.262648850679397583e-02 8.622083067893981934e-02 2.139658108353614807e-02
6.417581439018249512e-01 1.016339212656021118e-01 2.455913573503494263e-01 1.101663149893283844e-02
8.059462308883666992e-01 6.368192285299301147e-02 9.848414361476898193e-02 3.188775107264518738e-02
6.959540843963623047e-01 9.305018931627273560e-02 1.961172074079513550e-01 1.487848721444606781e-02
6.111977100372314453e-01 1.097251772880554199e-01 2.427529990673065186e-01 3.632405400276184082e-02
7.135460376739501953e-01 1.130321919918060303e-01 1.485861986875534058e-01 2.483563125133514404e-02
5.648403167724609375e-01 1.125843003392219543e-01 3.006262779235839844e-01 2.194919250905513763e-02
8.162201046943664551e-01 6.327387690544128418e-02 8.779969811439514160e-02 3.270637243986129761e-02
5.521988868713378906e-01 1.105098277330398560e-01 3.208946585655212402e-01 1.639663055539131165e-02
7.617405652999877930e-01 7.486680895090103149e-02 1.271157413721084595e-01 3.627687320113182068e-02
6.282400488853454590e-01 8.350916951894760132e-02 2.704163491725921631e-01 1.783453486859798431e-02
6.388312578201293945e-01 1.034202203154563904e-01 2.273870408535003662e-01 3.036147169768810272e-02
7.122239470481872559e-01 6.481157988309860229e-02 1.847388446331024170e-01 3.822559490799903870e-02
5.336045622825622559e-01 1.281912177801132202e-01 3.103265762329101562e-01 2.787770330905914307e-02
7.159473896026611328e-01 5.677126348018646240e-02 1.455103158950805664e-01 8.177103847265243530e-02
5.665713548660278320e-01 1.161046400666236877e-01 2.941141128540039062e-01 2.320988103747367859e-02
7.097052931785583496e-01 6.825162470340728760e-02 1.627546101808547974e-01 5.928843468427658081e-02
5.209304690361022949e-01 1.200589314103126526e-01 3.287866115570068359e-01 3.022400103509426117e-02
6.185765862464904785e-01 1.110830232501029968e-01 2.333028912544250488e-01 3.703747689723968506e-02
5.072143077850341797e-01 9.098803251981735229e-02 3.556959629058837891e-01 4.610179364681243896e-02
5.286840200424194336e-01 1.227182596921920776e-01 3.168927431106567383e-01 3.170506283640861511e-02
5.658501386642456055e-01 8.625034987926483154e-02 2.581798434257507324e-01 8.971959352493286133e-02
4.354784488677978516e-01 1.046734154224395752e-01 4.315342605113983154e-01 2.831396646797657013e-02
5.743989348411560059e-01 1.120242923498153687e-01 2.273264825344085693e-01 8.625034987926483154e-02
4.688730835914611816e-01 8.860509097576141357e-02 4.082812666893005371e-01 3.424057364463806152e-02
4.863435924053192139e-01 1.331189870834350586e-01 3.337168395519256592e-01 4.682049155235290527e-02
4.825154840946197510e-01 1.404712647199630737e-01 3.166016638278961182e-01 6.041159480810165405e-02
4.063534438610076904e-01 1.388183385133743286e-01 4.222848415374755859e-01 3.254339098930358887e-02
5.644107460975646973e-01 1.161202490329742432e-01 2.342352122068405151e-01 8.523376286029815674e-02
4.629608392715454102e-01 1.155983433127403259e-01 3.806935250759124756e-01 4.074723646044731140e-02
5.065514445304870605e-01 1.183194592595100403e-01 2.987370193004608154e-01 7.639204710721969604e-02
4.540903866291046143e-01 8.611081540584564209e-02 4.069617390632629395e-01 5.283702909946441650e-02
4.365209043025970459e-01 1.844181269407272339e-01 3.230689465999603271e-01 5.599206313490867615e-02
4.356171190738677979e-01 1.139274835586547852e-01 3.835000991821289062e-01 6.695532053709030151e-02
3.665946125984191895e-01 1.802863180637359619e-01 4.108625948429107666e-01 4.225644841790199280e-02
4.822624623775482178e-01 1.736161112785339355e-01 2.351184934377670288e-01 1.090029403567314148e-01
1.842831373214721680e-01 1.500261276960372925e-01 5.239545702934265137e-01 1.417362689971923828e-01
5.163937062025070190e-02 1.588039658963680267e-02 8.056219816207885742e-01 1.268583089113235474e-01
9.062888622283935547e-01 1.320918090641498566e-04 4.895461723208427429e-02 4.462440311908721924e-02
4.391027987003326416e-01 6.937565631233155727e-04 1.283889357000589371e-02 5.473645329475402832e-01
1.132472231984138489e-02 5.670337704941630363e-04 1.247517298907041550e-03 9.868606925010681152e-01
5.367510486394166946e-03 3.245300322305411100e-04 7.414579158648848534e-04 9.935664534568786621e-01
4.801338072866201401e-03 1.485395245254039764e-03 6.765328580513596535e-04 9.930366873741149902e-01
9.949624538421630859e-03 3.936323337256908417e-03 9.521421161480247974e-04 9.851618409156799316e-01
7.075200974941253662e-02 2.360521629452705383e-02 4.371623799670487642e-04 9.052056670188903809e-01
1.712929457426071167e-02 2.260596957057714462e-03 5.139099084772169590e-04 9.800961613655090332e-01
2.702412754297256470e-02 2.490482851862907410e-02 1.820623409003019333e-03 9.462503790855407715e-01
1.321288943290710449e-01 3.888413310050964355e-02 7.652163039892911911e-03 8.213347792625427246e-01
3.817249536514282227e-01 1.354787684977054596e-02 1.163358241319656372e-02 5.930935144424438477e-01
6.756594777107238770e-01 1.506021767854690552e-01 2.119899541139602661e-02 1.525393724441528320e-01
2.403480410575866699e-01 2.099849730730056763e-01 1.705205813050270081e-02 5.326149463653564453e-01
1.425590217113494873e-01 2.872302010655403137e-02 1.146615203469991684e-02 8.172518014907836914e-01
6.758123636245727539e-01 6.716234982013702393e-02 8.250574581325054169e-03 2.487747818231582642e-01
5.757248401641845703e-01 3.568780124187469482e-01 1.141923852264881134e-02 5.597790703177452087e-02
8.546659946441650391e-01 1.144572272896766663e-01 5.037271417677402496e-03 2.583951875567436218e-02
8.839126229286193848e-01 6.075567752122879028e-02 4.006051924079656601e-03 5.132568627595901489e-02
6.010009646415710449e-01 2.559581995010375977e-01 1.049521658569574356e-02 1.325457096099853516e-01
2.037282139062881470e-01 7.203162908554077148e-01 1.704621315002441406e-02 5.890930816531181335e-02
2.067065834999084473e-01 7.497395277023315430e-01 1.825053431093692780e-02 2.530335821211338043e-02
5.796954631805419922e-01 3.465046882629394531e-01 3.186896443367004395e-02 4.193092510104179382e-02
8.823680877685546875e-01 4.539447650313377380e-02 3.051017224788665771e-02 4.172730073332786560e-02
9.424902796745300293e-01 3.912390675395727158e-03 1.302454993128776550e-02 4.057281464338302612e-02
9.398380517959594727e-01 1.874277554452419281e-02 6.238171365112066269e-03 3.518110886216163635e-02
8.796952962875366211e-01 9.664910286664962769e-02 4.171945620328187943e-03 1.948365010321140289e-02
6.463410258293151855e-01 3.325599730014801025e-01 4.479116760194301605e-03 1.661985926330089569e-02
8.073595166206359863e-01 1.400450170040130615e-01 1.488626748323440552e-02 3.770922496914863586e-02
6.964865922927856445e-01 1.245240420103073120e-01 6.436394900083541870e-02 1.146255135536193848e-01
4.952949285507202148e-01 2.673991322517395020e-01 9.595686197280883789e-02 1.413490623235702515e-01
5.490098595619201660e-01 3.602716922760009766e-01 5.569958686828613281e-02 3.501887246966362000e-02
8.114019036293029785e-01 1.501757949590682983e-01 2.198819443583488464e-02 1.643410883843898773e-02
8.976078033447265625e-01 7.191891223192214966e-02 1.379493344575166702e-02 1.667838171124458313e-02
9.257656931877136230e-01 2.359027042984962463e-02 1.714074611663818359e-02 3.350332379341125488e-02
9.141017794609069824e-01 1.785193197429180145e-02 1.818200387060642242e-02 4.986434057354927063e-02
9.174069762229919434e-01 3.542813286185264587e-02 1.359418220818042755e-02 3.357071802020072937e-02
7.869618535041809082e-01 1.752560138702392578e-01 1.546823233366012573e-02 2.231391705572605133e-02
5.956054925918579102e-01 3.349277079105377197e-01 5.155248194932937622e-02 1.791426353156566620e-02
7.008823752403259277e-01 1.105502694845199585e-01 1.595915853977203369e-01 2.897581458091735840e-02
6.615884304046630859e-01 4.833348467946052551e-02 2.489166855812072754e-01 4.116140305995941162e-02
5.917279720306396484e-01 9.513417631387710571e-02 2.703219354152679443e-01 4.281590878963470459e-02
7.221624851226806641e-01 2.007008194923400879e-01 5.612384527921676636e-02 2.101290412247180939e-02
7.969076633453369141e-01 1.607712358236312866e-01 2.475568465888500214e-02 1.756544783711433411e-02
8.835073709487915039e-01 7.438920438289642334e-02 2.513905800879001617e-02 1.696438528597354889e-02
8.198539614677429199e-01 7.731688767671585083e-02 6.737181544303894043e-02 3.545732051134109497e-02
7.672831416130065918e-01 1.226182654500007629e-01 6.922282278537750244e-02 4.087579622864723206e-02
7.579175233840942383e-01 1.752758622169494629e-01 4.627601429820060730e-02 2.053064107894897461e-02
7.576587200164794922e-01 1.808766126632690430e-01 4.482683539390563965e-02 1.663778536021709442e-02
7.580076456069946289e-01 1.457788646221160889e-01 7.877366989850997925e-02 1.743980869650840759e-02
7.771543860435485840e-01 7.940045744180679321e-02 1.164059266448020935e-01 2.703930065035820007e-02
6.799635887145996094e-01 5.650391057133674622e-02 2.107285708189010620e-01 5.280401930212974548e-02
7.740102410316467285e-01 1.201409026980400085e-01 7.575651258230209351e-02 3.009238652884960175e-02
7.823289632797241211e-01 1.588180363178253174e-01 4.187168926000595093e-02 1.698136143386363983e-02
7.981950044631958008e-01 1.566805690526962280e-01 3.183574602007865906e-02 1.328873075544834137e-02
7.684174776077270508e-01 1.443126201629638672e-01 6.906929612159729004e-02 1.820065453648567200e-02
6.969571113586425781e-01 1.390260457992553711e-01 1.353669166564941406e-01 2.864999137818813324e-02
6.778540611267089844e-01 1.475207954645156860e-01 1.480880081653594971e-01 2.653717063367366791e-02
7.191277146339416504e-01 1.575698554515838623e-01 1.036620810627937317e-01 1.964039355516433716e-02
8.027631044387817383e-01 1.095266118645668030e-01 7.276884466409683228e-02 1.494143158197402954e-02
8.017123341560363770e-01 1.088554933667182922e-01 7.062924653291702271e-02 1.880285888910293579e-02
8.162784576416015625e-01 7.723085582256317139e-02 6.952587515115737915e-02 3.696477785706520081e-02
7.470167279243469238e-01 8.128617703914642334e-02 1.297416985034942627e-01 4.195535928010940552e-02
7.465176582336425781e-01 1.079883351922035217e-01 1.144391819834709167e-01 3.105491772294044495e-02
6.856362223625183105e-01 1.577296704053878784e-01 1.371201872825622559e-01 1.951393298804759979e-02
6.193715333938598633e-01 1.914767026901245117e-01 1.694485396146774292e-01 1.970328204333782196e-02
6.076809167861938477e-01 1.652248650789260864e-01 1.970054507255554199e-01 3.008884377777576447e-02
6.118883490562438965e-01 1.183133348822593689e-01 2.272387892007827759e-01 4.255956411361694336e-02
6.188591122627258301e-01 1.136696264147758484e-01 2.290659397840499878e-01 3.840530663728713989e-02
7.477883696556091309e-01 9.586307406425476074e-02 1.278622746467590332e-01 2.848631143569946289e-02
7.409346699714660645e-01 1.076536029577255249e-01 1.232984438538551331e-01 2.811327762901782990e-02
7.915123701095581055e-01 8.128975331783294678e-02 8.642826974391937256e-02 4.076961427927017212e-02
6.899167299270629883e-01 1.064372658729553223e-01 1.539206355810165405e-01 4.972533509135246277e-02
6.372090578079223633e-01 1.048558205366134644e-01 2.121583521366119385e-01 4.577678442001342773e-02
5.507937669754028320e-01 1.333274692296981812e-01 2.840867340564727783e-01 3.179203718900680542e-02
5.776053667068481445e-01 1.489480882883071899e-01 2.431259155273437500e-01 3.032056055963039398e-02
6.379433870315551758e-01 1.347793191671371460e-01 1.861286163330078125e-01 4.114874079823493958e-02
5.592609047889709473e-01 1.439348310232162476e-01 2.342538386583328247e-01 6.255044043064117432e-02
6.030822992324829102e-01 1.023516133427619934e-01 1.959324479103088379e-01 9.863361716270446777e-02
6.260436773300170898e-01 1.275216042995452881e-01 1.752256602048873901e-01 7.120914757251739502e-02
5.908252000808715820e-01 1.902179270982742310e-01 1.553110927343368530e-01 6.364582479000091553e-02
1.693956404924392700e-01 3.624118566513061523e-01 2.360814213752746582e-01 2.321110516786575317e-01
